0.0    5129.741    5084.578742
0.1    5084.382    5088.503032
0.2    5098.186    5100.380642
0.3    5114.397    5115.255565
0.4    5127.359    5126.579063
0.5    5131.367    5129.591955
0.6    5125.59    5124.03551
0.7    5115.14    5114.499654
0.8    5107.647    5107.970512
0.9    5108.534    5109.884772
1.0    5119.665    5120.956945
1.1    5135.152    5136.579345
1.2    5149.2    5149.160583
1.3    5153.628    5152.184207
1.4    5144.916    5143.746417
1.5    5127.617    5127.514161
1.6    5109.366    5110.567533
1.7    5097.847    5099.520751
1.8    5096.406    5097.244642
1.9    5101.747    5101.900374
2.0    5109.17    5108.515368
2.1    5113.817    5111.988181
2.2    5112.285    5109.816142
2.3    5104.831    5103.17605
2.4    5096.52    5095.997952
2.5    5092.073    5092.747403
2.6    5095.201    5096.195469
2.7    5105.711    5106.275379
2.8    5120.245    5120.373575
2.9    5134.939    5134.588308
3.0    5146.407    5145.163929
3.1    5151.221    5149.604657
3.2    5148.46    5147.398025
3.3    5140.235    5140.276814
3.4    5130.424    5131.70368
3.5    5124.633    5125.441581
3.6    5123.316    5123.72294
3.7    5126.468    5125.984316
3.8    5130.981    5128.969161
3.9    5130.624    5128.379572
4.0    5123.617    5121.444404
4.1    5110.267    5109.011795
4.2    5095.23    5095.663352
4.3    5085.534    5087.438608
4.4    5086.946    5088.445361
4.5    5097.183    5098.441176
4.6    5112.57    5112.805929
4.7    5125.739    5124.91053
4.8    5130.587    5129.627845
4.9    5126.597    5126.095762
5.0    5118.03    5118.12534
5.1    5111.596    5111.931782
5.2    5112.395    5112.510997
5.3    5120.883    5120.808681
5.4    5133.288    5133.254324
5.5    5143.523    5143.805109
5.6    5146.664    5147.292826
5.7    5141.8    5142.215983
5.8    5132.149    5131.446858
5.9    5122.618    5120.517848
6.0    5117.0    5114.557398
6.1    5116.6    5115.648183
6.2    5120.24    5121.967038
6.3    5124.907    5128.97268
6.4    5126.948    5131.870196
6.5    5123.848    5128.051263
6.6    5115.819    5118.328383
6.7    5105.919    5106.459687
6.8    5098.367    5097.333381
6.9    5096.229    5094.774184
7.0    5100.063    5099.97958
7.1    5108.212    5111.162962
7.2    5118.074    5124.38467
7.3    5127.178    5135.124654
7.4    5133.531    5140.023349
7.5    5135.761    5138.235218
7.6    5133.701    5131.84539
7.7    5129.05    5124.986148
7.8    5124.952    5121.876801
7.9    5124.161    5124.668655
8.0    5127.09    5132.159881
8.1    5131.4    5140.087895
8.2    5133.385    5143.076134
8.3    5130.058    5137.531125
8.4    5120.804    5124.02208
8.5    5108.12    5107.550432
8.6    5096.992    5095.202941
8.7    5092.593    5092.418479
8.8    5097.178    5100.053044
8.9    5108.36    5113.912283
9.0    5120.438    5127.013141
9.1    5127.92    5133.394976
9.2    5128.557    5131.389182
9.3    5124.027    5124.376605
9.4    5118.504    5118.486404
9.5    5116.395    5118.707489
9.6    5120.039    5125.93145
9.7    5128.103    5136.666402
9.8    5135.918    5145.313133
9.9    5138.337    5147.400298
10.0    5133.352    5141.876105
10.1    5123.422    5131.371392
10.2    5113.455    5120.584774
10.3    5107.637    5113.854172
10.4    5107.653    5113.199553
10.5    5112.607    5117.68275
10.6    5119.555    5124.167849
10.7    5124.481    5128.922834
10.8    5124.198    5129.268357
10.9    5118.403    5124.645309
11.0    5109.965    5116.795661
11.1    5102.918    5109.033058
11.2    5100.026    5104.854945
11.3    5101.928    5106.430918
11.4    5107.781    5113.594427
11.5    5115.885    5123.7581
11.6    5123.74    5132.841377
11.7    5128.472    5136.993771
11.8    5128.307    5134.534359
11.9    5124.118    5127.143332
12.0    5119.369    5119.392747
12.1    5118.109    5116.529849
12.2    5122.374    5121.555765
12.3    5130.764    5133.211847
12.4    5139.058    5146.146262
12.5    5142.539    5153.488869
12.6    5138.688    5150.676722
12.7    5128.635    5138.306982
12.8    5116.529    5122.045077
12.9    5107.284    5109.462991
13.0    5104.052    5105.78778
13.1    5106.742    5111.157104
13.2    5112.282    5120.852839
13.3    5116.559    5128.204246
13.4    5116.971    5128.45824
13.5    5113.952    5121.439359
13.6    5110.359    5111.50028
13.7    5109.336    5104.856427
13.8    5112.433    5105.976852
13.9    5119.205    5115.178386
14.0    5127.862    5128.659878
14.1    5135.926    5140.675465
14.2    5140.734    5146.433944
14.3    5140.414    5144.196256
14.4    5135.176    5135.745124
14.5    5127.675    5125.28412
14.6    5121.653    5117.427994
14.7    5119.822    5115.196504
14.8    5122.552    5118.830755
14.9    5127.914    5125.851065
15.0    5132.624    5132.260982
15.1    5133.503    5134.39248
15.2    5129.215    5130.662472
15.3    5121.46    5122.473147
15.4    5114.414    5113.725132
15.5    5112.269    5109.018136
15.6    5116.527    5111.34775
15.7    5125.201    5120.445207
15.8    5134.362    5132.618607
15.9    5140.498    5142.280568
16.0    5141.869    5144.596306
16.1    5138.591    5138.055904
16.2    5132.352    5125.566905
16.3    5126.133    5113.241673
16.4    5123.297    5107.318632
16.5    5125.739    5110.817014
16.6    5132.321    5121.775998
16.7    5139.232    5134.153077
16.8    5142.445    5141.071214
16.9    5140.355    5138.717633
17.0    5134.535    5128.594697
17.1    5128.323    5116.645454
17.2    5124.692    5109.721956
17.3    5124.846    5111.573089
17.4    5127.952    5120.758778
17.5    5131.712    5131.632193
17.6    5133.576    5137.702106
17.7    5132.237    5135.344426
17.8    5128.492    5125.716678
17.9    5124.659    5113.902856
18.0    5122.996    5105.981067
18.1    5124.48    5105.79222
18.2    5128.712    5113.154634
18.3    5134.406    5124.308868
18.4    5139.819    5134.111862
18.5    5143.268    5138.636098
18.6    5143.973    5136.830414
18.7    5142.607    5130.629481
18.8    5140.781    5123.73102
18.9    5139.889    5119.75095
19.0    5140.454    5120.607833
19.1    5142.197    5125.804519
19.2    5144.086    5132.787447
19.3    5144.219    5138.060677
19.4    5140.516    5138.562248
19.5    5132.428    5132.937124
19.6    5122.073    5122.38362
19.7    5113.231    5110.603454
19.8    5109.025    5102.502434
19.9    5110.505    5101.953244
20.0    5116.87    5109.658809
20.1    5126.07    5122.31639
20.2    5134.939    5133.799595
20.3    5139.829    5138.143076
20.4    5138.54    5132.949563
20.5    5132.265    5121.109467
20.6    5125.353    5109.415956
20.7    5122.754    5104.69489
20.8    5127.102    5109.813945
20.9    5137.203    5121.984461
21.0    5148.323    5134.344371
21.1    5154.251    5139.934406
21.2    5150.818    5135.75285
21.3    5139.007    5124.430828
21.4    5124.829    5112.544094
21.5    5115.414    5106.726939
21.6    5114.425    5109.992653
21.7    5120.564    5120.301267
21.8    5129.541    5131.991895
21.9    5136.877    5139.105523
22.0    5139.491    5138.610989
22.1    5136.442    5131.700091
22.2    5129.481    5122.616962
22.3    5122.572    5116.00549
22.4    5119.654    5114.447565
22.5    5122.086    5117.471612
22.6    5128.02    5122.303288
22.7    5133.994    5125.64922
22.8    5136.962    5125.374065
22.9    5135.42    5121.258722
23.0    5129.862    5114.778466
23.1    5122.852    5108.35241
23.2    5118.096    5104.488583
23.3    5118.396    5104.989991
23.4    5123.927    5110.285162
23.5    5132.283    5119.037119
23.6    5139.959    5128.288114
23.7    5143.858    5134.361734
23.8    5142.262    5134.459926
23.9    5135.61    5128.334954
24.0    5126.851    5118.93602
24.1    5120.35    5111.217058
24.2    5119.379    5109.484114
24.3    5124.025    5114.815104
24.4    5131.273    5124.179809
24.5    5136.983    5131.917535
24.6    5138.03    5132.900806
24.7    5133.548    5125.678202
24.8    5125.322    5113.657843
24.9    5117.388    5103.369139
25.0    5114.446    5100.698537
25.1    5119.372    5107.401176
25.2    5131.263    5120.015865
25.3    5145.505    5131.789498
25.4    5155.899    5136.448806
25.5    5157.606    5131.640003
25.6    5149.522    5120.107233
25.7    5135.099    5108.032727
25.8    5120.955    5101.582664
25.9    5113.546    5103.628512
26.0    5115.591    5112.393646
26.1    5124.511    5122.657936
26.2    5133.987    5128.763847
26.3    5137.742    5127.691543
26.4    5133.247    5120.478181
26.5    5123.131    5111.313686
26.6    5113.5    5105.05353
26.7    5110.259    5104.689277
26.8    5115.732    5110.092377
26.9    5127.549    5118.433103
27.0    5140.24    5125.751384
27.1    5148.265    5128.734899
27.2    5148.608    5125.938686
27.3    5141.779    5118.161987
27.4    5131.179    5108.075287
27.5    5121.334    5099.307784
27.6    5115.814    5095.211886
27.7    5115.862    5097.588547
27.8    5120.441    5105.781312
27.9    5127.294    5116.606431
28.0    5133.837    5125.44265
28.1    5137.488    5128.340651
28.2    5136.335    5124.270814
28.3    5130.586    5116.092867
28.4    5123.467    5109.259201
28.5    5119.814    5108.702926
28.6    5122.744    5115.714154
28.7    5131.048    5126.770977
28.8    5139.539    5135.223095
28.9    5142.192    5135.08708
29.0    5135.837    5124.798279
29.1    5122.17    5108.493318
29.2    5107.093    5093.814488
29.3    5097.723    5087.53207
29.4    5098.392    5091.6996
29.5    5107.91    5102.622504
29.6    5120.151    5113.169945
29.7    5127.959    5117.01118
29.8    5127.642    5112.235343
29.9    5120.81    5102.229674
30.0    5112.711    5093.450524
30.1    5108.843    5091.599777
30.2    5112.087    5098.485868
30.3    5121.493    5111.221793
30.4    5132.793    5123.981479
30.5    5140.444    5131.150578
30.6    5140.507    5130.077208
30.7    5132.846    5122.058336
30.8    5121.112    5111.32853
30.9    5110.57    5102.847608
31.0    5105.462    5100.068583
31.1    5107.484    5103.627654
31.2    5115.512    5111.337141
31.3    5125.993    5119.289355
31.4    5133.943    5123.517001
31.5    5134.912    5121.581012
31.6    5127.385    5113.580184
31.7    5114.015    5102.248298
31.8    5100.528    5091.999966
31.9    5092.92    5087.116191
32.0    5094.664    5089.714565
32.1    5105.174    5098.466013
32.2    5119.816    5108.890008
32.3    5131.537    5115.391288
32.4    5134.027    5114.224369
32.5    5125.36    5105.80012
32.6    5109.802    5094.808634
32.7    5095.96    5087.804309
32.8    5091.99    5089.538435
32.9    5100.889    5100.178045
33.0    5118.75    5115.013401
33.1    5136.796    5126.849145
33.2    5145.96    5129.841126
33.3    5141.619    5122.694289
33.4    5126.076    5109.358209
33.5    5107.352    5096.761974
33.6    5094.871    5090.934205
33.7    5094.364    5093.77091
33.8    5104.83    5102.199447
33.9    5119.263    5110.087327
34.0    5128.771    5111.79128
34.1    5127.677    5105.370307
34.2    5116.529    5093.661413
34.3    5101.347    5082.647776
34.4    5089.961    5078.129226
34.5    5087.961    5082.633747
34.6    5096.415    5094.247605
34.7    5111.798    5107.84988
34.8    5127.572    5117.880827
34.9    5136.867    5121.027818
35.0    5135.775    5117.461417
35.1    5125.788    5110.23455
35.2    5113.299    5103.454554
35.3    5105.786    5100.286418
35.4    5107.162    5101.668791
35.5    5115.664    5106.107713
35.6    5125.476    5110.436807
35.7    5130.351    5111.202094
35.8    5126.623    5106.252374
35.9    5114.464    5095.995949
36.0    5097.744    5083.668639
36.1    5082.789    5074.183666
36.2    5075.908    5071.850857
36.3    5080.289    5078.037203
36.4    5094.051    5090.085048
36.5    5110.962    5102.296844
36.6    5123.56    5108.739814
36.7    5126.813    5106.491776
36.8    5120.521    5097.446621
36.9    5109.513    5087.454837
37.0    5101.354    5083.129944
37.1    5102.176    5088.093409
37.2    5112.818    5100.80385
37.3    5128.056    5115.239567
37.4    5139.77    5124.119036
37.5    5141.818    5122.886108
37.6    5133.193    5112.190459
37.7    5117.96    5097.470613
37.8    5102.954    5085.977846
37.9    5094.692    5082.975405
38.0    5096.357    5089.096652
38.1    5105.878    5100.102802
38.2    5116.749    5109.135236
38.3    5121.873    5110.375965
38.4    5118.014    5102.180247
38.5    5107.356    5087.884622
38.6    5095.367    5073.855773
38.7    5087.366    5066.046014
38.8    5086.356    5067.091216
38.9    5092.378    5075.427216
39.0    5102.617    5086.6046
39.1    5112.439    5095.793409
39.2    5117.858    5100.008891
39.3    5118.172    5099.05661
39.4    5116.236    5095.132133
39.5    5115.814    5091.614216
39.6    5118.659    5091.595068
39.7    5124.017    5096.520428
39.8    5130.105    5105.318352
39.9    5135.122    5114.467729
40.0    5137.069    5119.298794
40.1    5134.055    5116.264369
40.2    5125.945    5105.146655
40.3    5115.507    5089.769768
40.4    5106.946    5076.399896
40.5    5102.867    5070.481798
40.6    5102.74    5073.595232
40.7    5104.203    5082.517997
40.8    5105.232    5091.059633
40.9    5104.952    5093.667814
41.0    5103.328    5088.691802
41.1    5101.313    5079.35964
41.2    5101.302    5071.925779
41.3    5106.158    5072.104143
41.4    5116.591    5081.775132
41.5    5129.446    5097.708964
41.6    5139.333    5113.000504
41.7    5142.412    5120.559788
41.8    5138.672    5116.863523
41.9    5130.958    5103.886231
42.0    5122.68    5088.085834
42.1    5116.612    5077.014009
42.2    5114.65    5075.418494
42.3    5117.09    5082.873704
42.4    5121.703    5094.141243
42.5    5124.446    5102.09987
42.6    5122.167    5101.680461
42.7    5115.079    5092.547843
42.8    5106.594    5079.020117
42.9    5100.768    5067.526
43.0    5099.815    5063.297641
43.1    5103.517    5068.039948
43.2    5110.229    5079.442793
43.3    5118.042    5092.471833
43.4    5125.216    5101.725396
43.5    5130.199    5103.788885
43.6    5131.916    5098.59078
43.7    5130.422    5089.300505
43.8    5127.262    5080.936461
43.9    5124.843    5078.2208
44.0    5124.987    5083.406983
44.1    5127.735    5094.960874
44.2    5131.468    5107.901602
44.3    5134.206    5116.000495
44.4    5134.799    5114.972232
44.5    5133.085    5104.926761
44.6    5129.457    5090.497875
44.7    5124.721    5078.377444
44.8    5120.1    5073.620278
44.9    5116.688    5076.878119
45.0    5114.605    5084.174483
45.1    5112.919    5089.350142
45.2    5110.706    5087.742259
45.3    5108.096    5078.926229
45.4    5106.16    5066.979717
45.5    5105.979    5058.262691
45.6    5108.072    5058.030738
45.7    5112.482    5067.639693
45.8    5118.904    5083.715669
45.9    5126.47    5099.74363
46.0    5133.686    5109.356731
46.1    5138.945    5109.634337
46.2    5141.402    5102.565393
46.3    5141.511    5093.812942
46.4    5140.813    5089.476704
46.5    5140.951    5092.650082
46.6    5142.429    5101.62123
46.7    5143.973    5110.724767
46.8    5143.19    5113.496769
46.9    5138.196    5106.409426
47.0    5128.99    5090.952138
47.1    5117.581    5072.86068
47.2    5107.052    5059.168337
47.3    5100.42    5054.888974
47.4    5099.753    5060.926654
47.5    5105.411    5073.918734
47.6    5115.535    5087.891802
47.7    5126.456    5096.975823
47.8    5134.25    5097.979324
47.9    5136.578    5091.65138
48.0    5133.671    5082.116212
48.1    5128.088    5074.864015
48.2    5123.624    5074.231652
48.3    5123.648    5081.386976
48.4    5129.157    5093.643574
48.5    5137.632    5105.523337
48.6    5144.113    5111.281783
48.7    5144.361    5107.804846
48.8    5137.804    5096.385205
48.9    5127.862    5082.308518
49.0    5119.669    5072.301997
49.1    5117.189    5071.085061
49.2    5121.409    5078.826177
49.3    5129.989    5090.937371
49.4    5138.31    5100.471806
49.5    5141.83    5101.91607
49.6    5138.7    5094.211672
49.7    5130.767    5081.224607
49.8    5122.162    5069.493116
49.9    5116.745    5064.693127
50.0    5116.294    5068.784885
50.1    5120.135    5079.221688
50.2    5125.813    5090.491475
50.3    5130.348    5097.129055
50.4    5131.728    5096.597043
50.5    5130.001    5090.506931
50.6    5127.253    5083.588731
50.7    5126.527    5081.039109
50.8    5130.268    5085.658838
50.9    5138.81    5096.230594
51.0    5149.429    5107.974488
51.1    5156.924    5114.894419
51.2    5156.267    5112.819672
51.3    5145.956    5101.546084
51.4    5129.392    5085.004788
51.5    5113.124    5069.46071
51.6    5103.501    5060.656914
51.7    5103.843    5061.194865
51.8    5112.999    5069.316552
51.9    5125.507    5079.747015
52.0    5134.066    5086.389915
52.1    5133.884    5085.623643
52.2    5126.008    5078.357499
52.3    5116.526    5069.574173
52.4    5112.211    5065.604254
52.5    5116.472    5070.700087
52.6    5128.423    5084.714799
52.7    5144.171    5102.977312
52.8    5158.246    5118.377961
52.9    5164.986    5124.667505
53.0    5160.942    5119.373439
53.1    5147.446    5104.920072
53.2    5130.604    5087.487193
53.3    5117.836    5074.250166
53.4    5113.629    5070.255163
53.5    5117.815    5076.180169
53.6    5126.742    5087.903037
53.7    5135.439    5098.283779
53.8    5139.492    5100.695429
53.9    5136.736    5092.681586
54.0    5128.476    5077.562492
54.1    5119.006    5062.796911
54.2    5113.053    5055.962296
54.3    5112.995    5060.68086
54.4    5118.035    5074.710198
54.5    5125.386    5091.142411
54.6    5131.851    5102.049219
54.7    5134.766    5102.617355
54.8    5132.77    5093.507469
54.9    5126.782    5080.229675
55.0    5120.245    5070.112256
55.1    5117.599    5068.638409
55.2    5121.476    5076.915935
55.3    5130.638    5091.276782
55.4    5140.463    5105.101341
55.5    5145.885    5112.084843
55.6    5144.666    5109.403927
55.7    5138.539    5099.096554
55.8    5131.553    5086.852362
55.9    5127.272    5078.888236
56.0    5127.001    5078.632588
56.1    5129.667    5084.957475
56.2    5132.646    5092.858111
56.3    5132.965    5096.26044
56.4    5128.795    5091.495256
56.5    5120.698    5079.498236
56.6    5111.546    5065.470816
56.7    5104.939    5056.241487
56.8    5103.431    5056.814974
56.9    5107.801    5067.847525
57.0    5117.134    5085.207053
57.1    5128.77    5101.835156
57.2    5138.457    5111.08556
57.3    5142.005    5109.902469
57.4    5138.142    5100.191457
57.5    5129.853    5087.718171
57.6    5122.309    5079.197467
57.7    5119.141    5079.030799
57.8    5120.554    5087.150665
57.9    5124.41    5098.919578
58.0    5128.216    5107.256835
58.1    5129.982    5106.196398
58.2    5128.27    5094.179051
58.3    5122.628    5075.232223
58.4    5114.313    5057.255073
58.5    5106.185    5048.292779
58.6    5101.472    5052.702975
58.7    5102.277    5068.984897
58.8    5108.725    5090.251241
58.9    5118.914    5107.316384
59.0    5129.518    5113.155164
59.1    5136.898    5106.448211
59.2    5138.44    5092.117649
59.3    5133.594    5078.520935
59.4    5124.307    5073.011989
59.5    5114.579    5078.299647
59.6    5108.882    5091.289099
59.7    5109.713    5104.804324
59.8    5115.844    5111.363593
59.9    5123.021    5107.182406
60.0    5126.841    5094.253442
60.1    5125.347    5079.25662
60.2    5119.429    5069.881903
60.3    5111.683    5070.656269
60.4    5105.366    5080.558441
60.5    5103.51    5093.658227
60.6    5107.31    5102.417033
60.7    5114.576    5101.828621
60.8    5120.447    5092.027259
60.9    5120.722    5077.921624
61.0    5114.942    5066.323885
61.1    5106.341    5062.437308
61.2    5099.212    5067.530508
61.3    5096.552    5078.664418
61.4    5099.341    5090.347381
61.5    5106.559    5097.281484
61.6    5115.255    5096.935388
61.7    5121.435    5090.729967
61.8    5122.24    5083.275765
61.9    5117.971    5080.039336
62.0    5112.054    5084.529825
62.1    5108.805    5096.309192
62.2    5110.804    5110.826982
62.3    5117.569    5121.34603
62.4    5125.894    5122.214702
62.5    5131.335    5111.86538
62.6    5130.168    5093.850732
62.7    5121.116    5075.273986
62.8    5106.201    5063.457759
62.9    5090.337    5062.55356
63.0    5079.643    5071.654528
63.1    5078.803    5085.242047
63.2    5088.364    5095.858247
63.3    5103.617    5097.875895
63.4    5116.543    5090.487006
63.5    5120.343    5078.210986
63.6    5113.567    5068.5253
63.7    5100.801    5067.859339
63.8    5089.715    5078.068695
63.9    5086.835    5095.226107
64.0    5094.345    5111.454004
64.1    5108.967    5119.010646
64.2    5123.364    5114.463431
64.3    5129.961    5100.492041
64.4    5125.272    5084.258843
64.5    5111.753    5073.471003
64.6    5095.918    5072.508698
64.7    5084.613    5080.603882
64.8    5082.127    5092.724477
64.9    5088.966    5102.460113
65.0    5101.756    5105.305273
65.1    5114.283    5100.638055
65.2    5120.157    5091.535069
65.3    5116.283    5082.835151
65.4    5104.807    5078.678888
65.5    5091.898    5080.716861
65.6    5084.298    5087.622199
65.7    5085.925    5095.91071
65.8    5096.007    5101.579914
65.9    5109.213    5101.854214
66.0    5117.966    5096.401127
66.1    5116.507    5087.58773
66.2    5104.602    5079.584807
66.3    5088.16    5076.543852
66.4    5076.038    5080.589605
66.5    5075.101    5090.585678
66.6    5086.466    5102.366397
66.7    5104.745    5110.532711
66.8    5120.644    5111.137298
66.9    5125.823    5103.905406
67.0    5117.461    5092.610851
67.1    5099.737    5083.172594
67.2    5081.425    5080.433822
67.3    5071.34    5085.427768
67.4    5074.112    5094.690562
67.5    5087.875    5102.085036
67.6    5104.767    5102.235104
67.7    5114.767    5093.701073
67.8    5111.577    5080.057575
67.9    5096.702    5068.186253
68.0    5078.441    5064.693186
68.1    5066.787    5072.385487
68.2    5068.353    5088.656699
68.3    5083.867    5106.655024
68.4    5107.89    5118.736119
68.5    5130.259    5120.417786
68.6    5140.088    5112.575318
68.7    5131.864    5100.586634
68.8    5109.623    5091.095138
68.9    5085.044    5088.472151
69.0    5070.33    5092.920134
69.1    5071.339    5100.915764
69.2    5085.38    5107.39776
69.3    5103.656    5108.382457
69.4    5115.844    5102.715956
69.5    5114.805    5092.338185
69.6    5100.144    5081.255096
69.7    5078.924    5073.847631
69.8    5062.236    5073.157278
69.9    5059.065    5079.677277
70.0    5071.317    5091.037577
70.1    5093.13    5102.744296
70.2    5114.391    5109.863325
70.3    5125.826    5109.201416
70.4    5122.951    5101.070717
70.5    5107.668    5089.503781
70.6    5087.419    5080.440025
70.7    5072.138    5078.699604
70.8    5069.676    5085.394951
70.9    5081.534    5097.205571
71.0    5101.509    5108.008648
71.1    5118.779    5112.192436
71.2    5124.147    5107.925747
71.3    5115.516    5098.371115
71.4    5098.827    5089.917131
71.5    5084.078    5088.430624
71.6    5079.46    5095.781045
71.7    5087.178    5108.614398
71.8    5102.668    5120.030806
71.9    5117.042    5123.30552
72.0    5121.719    5115.671809
72.1    5113.222    5100.002103
72.2    5095.401    5083.338473
72.3    5077.353    5073.111224
72.4    5068.226    5073.245458
72.5    5072.27    5082.299533
72.6    5086.916    5094.544969
72.7    5104.486    5103.296459
72.8    5116.286    5104.578894
72.9    5117.07    5099.037936
73.0    5107.66    5091.130704
73.1    5094.294    5086.344378
73.2    5084.971    5088.206798
73.3    5084.974    5096.6327
73.4    5094.232    5108.195797
73.5    5107.76    5117.938833
73.6    5118.452    5121.699514
73.7    5120.572    5117.832751
73.8    5112.557    5107.695008
73.9    5098.032    5094.964993
74.0    5084.192    5084.27229
74.1    5077.953    5079.596039
74.2    5082.033    5082.802867
74.3    5093.61    5092.720539
74.4    5106.463    5105.208638
74.5    5114.881    5114.579046
74.6    5116.5    5116.192383
74.7    5112.636    5109.125682
74.8    5106.748    5097.179288
74.9    5102.411    5087.145088
75.0    5101.639    5085.060347
75.1    5104.041    5092.628766
75.2    5107.269    5105.954896
75.3    5108.658    5117.465194
75.4    5106.925    5120.166553
75.5    5102.708    5111.891416
75.6    5097.92    5096.838956
75.7    5094.775    5083.276525
75.8    5094.871    5078.822715
75.9    5098.269    5086.204323
76.0    5103.062    5101.821776
76.1    5106.276    5117.748646
76.2    5105.862    5126.040327
76.3    5102.231    5123.004541
76.4    5098.072    5111.002522
76.5    5096.658    5096.79468
76.6    5099.901    5087.586209
76.7    5107.141    5087.177453
76.8    5115.08    5094.274778
76.9    5119.129    5103.643785
77.0    5115.998    5109.265082
77.1    5106.16    5107.645072
77.2    5094.142    5099.481692
77.3    5086.039    5089.011257
77.4    5085.948    5081.709373
77.5    5093.768    5081.659516
77.6    5105.505    5089.759525
77.7    5115.584    5103.424739
77.8    5119.759    5117.803113
77.9    5117.16    5127.882457
78.0    5110.376    5130.520029
78.1    5103.556    5125.56315
78.2    5099.877    5115.72147
78.3    5100.267    5105.363828
78.4    5103.865    5098.739373
78.5    5108.982    5098.247645
78.6    5113.422    5103.353782
78.7    5114.667    5110.617299
78.8    5110.962    5115.064462
78.9    5102.834    5112.649533
79.0    5093.302    5102.78626
79.1    5086.213    5089.362979
79.2    5084.08    5079.123406
79.3    5087.077    5077.950408
79.4    5093.359    5087.227626
79.5    5099.983    5102.64652
79.6    5104.068    5116.401811
79.7    5104.075    5121.621121
79.8    5100.567    5116.347971
79.9    5095.772    5104.547926
80.0    5092.265    5093.580211
80.1    5091.832    5089.906269
80.2    5094.984    5095.667979
80.3    5100.671    5107.863372
80.4    5106.142    5120.257438
80.5    5107.876    5126.848184
80.6    5103.969    5125.025566
80.7    5096.242    5116.758101
80.8    5089.66    5107.256805
80.9    5088.965    5101.979809
81.0    5095.223    5103.669953
81.1    5105.08    5110.992125
81.2    5112.963    5119.439066
81.3    5114.272    5123.916125
81.4    5107.601    5121.447431
81.5    5095.178    5112.477612
81.6    5081.691    5100.297771
81.7    5072.063    5089.290111
81.8    5069.155    5083.086841
81.9    5072.563    5083.395045
82.0    5079.178    5089.688574
82.1    5085.051    5099.594725
82.2    5087.373    5109.718907
82.3    5085.604    5116.760615
82.4    5081.426    5118.79382
82.5    5077.748    5116.293571
82.6    5077.285    5112.169973
82.7    5081.4    5110.364028
82.8    5089.643    5113.541942
82.9    5099.914    5121.248618
83.0    5109.017    5129.766038
83.1    5113.645    5133.962349
83.2    5111.778    5130.223294
83.3    5103.813    5118.774724
83.4    5092.463    5103.899832
83.5    5081.273    5091.800898
83.6    5072.864    5087.340431
83.7    5068.214    5091.537466
83.8    5067.184    5101.171574
83.9    5069.28    5110.663421
84.0    5073.743    5115.197924
84.1    5079.098    5113.351508
84.2    5083.12    5107.717827
84.3    5083.814    5103.19541
84.4    5080.937    5103.988435
84.5    5076.825    5111.088761
84.6    5075.486    5121.689067
84.7    5080.159    5130.842473
84.8    5090.828    5134.329181
84.9    5103.544    5130.951334
85.0    5112.292    5122.942915
85.1    5112.377    5114.493796
85.2    5103.242    5109.461357
85.3    5089.014    5109.542662
85.4    5076.428    5113.731165
85.5    5071.18    5119.166649
85.6    5074.756    5122.748092
85.7    5083.699    5122.526651
85.8    5091.887    5118.254315
85.9    5094.207    5111.179307
86.0    5089.033    5103.512816
86.1    5078.322    5097.769886
86.2    5066.321    5095.95195
86.3    5058.149    5098.68857
86.4    5058.165    5104.762448
86.5    5067.778    5111.4724
86.6    5083.828    5115.902635
86.7    5099.471    5116.567225
86.8    5107.791    5114.468911
86.9    5105.786    5112.741556
87.0    5095.967    5114.859177
87.1    5084.876    5122.411913
87.2    5079.789    5133.842815
87.3    5085.195    5144.980051
87.4    5100.289    5151.123351
87.5    5118.811    5149.519828
87.6    5131.966    5140.800552
87.7    5133.082    5128.554685
87.8    5120.988    5117.361926
87.9    5100.126    5110.488799
88.0    5078.124    5108.495879
88.1    5062.674    5109.347022
88.2    5058.637    5109.81843
88.3    5065.835    5107.442782
88.4    5078.722    5101.996244
88.5    5088.983    5095.742239
88.6    5090.127    5092.275642
88.7    5081.18    5094.547226
88.8    5067.194    5103.11416
88.9    5056.62    5115.649063
89.0    5057.202    5128.118382
89.1    5072.111    5136.960729
89.2    5097.907    5140.812193
89.3    5125.669    5140.664284
89.4    5145.144    5138.608846
89.5    5149.671    5136.333574
89.6    5139.069    5134.444227
89.7    5119.331    5132.806805
89.8    5099.816    5131.261935
89.9    5089.097    5129.880027
90.0    5090.784    5128.531401
90.1    5101.346    5126.423852
90.2    5111.903    5122.466338
90.3    5113.505    5116.453462
90.4    5102.415    5109.970546
90.5    5081.846    5105.882412
90.6    5059.86    5106.48044
90.7    5045.623    5111.63537
90.8    5045.755    5118.457226
90.9    5061.386    5122.93157
91.0    5086.9    5122.566837
91.1    5111.921    5118.231695
91.2    5126.466    5113.786491
91.3    5126.281    5113.651055
91.4    5114.724    5119.935753
91.5    5100.331    5131.027029
91.6    5092.154    5142.473059
91.7    5095.314    5149.523957
91.8    5108.446    5149.724078
91.9    5124.291    5144.048992
92.0    5133.71    5136.07553
92.1    5131.049    5129.852778
92.2    5117.211    5127.744562
92.3    5098.432    5129.325165
92.4    5082.278    5131.770459
92.5    5074.002    5131.494511
92.6    5074.859    5126.214786
92.7    5082.208    5116.354121
92.8    5090.931    5104.977599
92.9    5095.898    5096.302467
93.0    5094.52    5093.652235
93.1    5087.927    5097.973308
93.2    5080.134    5107.641978
93.3    5075.943    5119.555584
93.4    5078.748    5130.766024
93.5    5088.963    5139.6181
93.6    5103.662    5145.825538
93.7    5117.943    5149.806213
93.8    5127.548    5152.044765
93.9    5130.883    5152.906375
94.0    5129.001    5152.732923
94.1    5124.196    5151.831958
94.2    5118.946    5150.18966
94.3    5115.471    5147.148239
94.4    5114.807    5141.552436
94.5    5115.495    5132.632026
94.6    5113.799    5121.153865
94.7    5106.347    5109.816319
94.8    5092.957    5102.207668
94.9    5076.821    5100.769671
95.0    5062.267    5105.127691
95.1    5052.743    5112.072373
95.2    5050.32    5117.427366
95.3    5055.62    5118.698694
95.4    5067.3    5116.718392
95.5    5082.098    5115.098245
95.6    5096.445    5117.840017
95.7    5108.465    5126.693412
95.8    5118.245    5139.905228
95.9    5126.284    5153.025559
96.0    5132.223    5161.215433
96.1    5135.289    5161.733396
96.2    5135.435    5155.297061
96.3    5133.434    5145.693264
96.4    5129.922    5137.885852
96.5    5124.84    5135.527802
96.6    5117.885    5139.048036
96.7    5109.171    5145.297558
96.8    5099.251    5149.093781
96.9    5088.749    5146.030551
97.0    5078.262    5135.062793
97.1    5068.691    5119.300743
97.2    5061.617    5104.467266
97.3    5059.2    5095.945422
97.4    5063.358    5096.157969
97.5    5074.419    5103.686985
97.6    5090.071    5114.454831
97.7    5105.615    5124.119136
97.8    5115.799    5130.195324
97.9    5117.353    5132.760337
98.0    5110.88    5133.705738
98.1    5101.079    5135.411751
98.2    5094.788    5139.671048
98.3    5097.29    5147.06787
98.4    5108.829    5156.643301
98.5    5123.991    5165.833014
98.6    5134.939    5170.997803
98.7    5136.221    5168.836249
98.8    5127.433    5158.306851
98.9    5112.36    5141.863233
99.0    5096.496    5124.817861
99.1    5085.05    5112.836591
99.2    5081.37    5108.968383
99.3    5085.239    5112.033928
99.4    5092.211    5117.412937
99.5    5095.74    5119.868432
99.6    5091.481    5116.788637
99.7    5080.445    5109.868654
99.8    5068.331    5104.182502
99.9    5061.902    5105.241825
