0.0    5129.741    5084.578742
0.1    5085.182    5088.503032
0.2    5098.718    5100.380642
0.3    5114.829    5115.255565
0.4    5127.771    5126.579063
0.5    5131.671    5129.591955
0.6    5126.038    5124.03551
0.7    5115.434    5114.499654
0.8    5107.983    5107.970512
0.9    5109.056    5109.884772
1.0    5120.347    5120.956945
1.1    5137.159    5136.579345
1.2    5151.356    5149.160583
1.3    5154.438    5152.184207
1.4    5145.551    5143.746417
1.5    5127.941    5127.514161
1.6    5110.086    5110.567533
1.7    5098.054    5099.520751
1.8    5096.576    5097.244642
1.9    5102.014    5101.900374
2.0    5109.77    5108.515368
2.1    5113.929    5111.988181
2.2    5111.946    5109.816142
2.3    5104.861    5103.17605
2.4    5096.498    5095.997952
2.5    5092.193    5092.747403
2.6    5094.926    5096.195469
2.7    5105.689    5106.275379
2.8    5120.729    5120.373575
2.9    5136.106    5134.588308
3.0    5147.473    5145.163929
3.1    5150.999    5149.604657
3.2    5148.761    5147.398025
3.3    5140.631    5140.276814
3.4    5131.652    5131.70368
3.5    5125.086    5125.441581
3.6    5123.303    5123.72294
3.7    5126.258    5125.984316
3.8    5130.173    5128.969161
3.9    5130.097    5128.379572
4.0    5122.223    5121.444404
4.1    5109.303    5109.011795
4.2    5095.671    5095.663352
4.3    5087.241    5087.438608
4.4    5088.256    5088.445361
4.5    5098.525    5098.441176
4.6    5113.416    5112.805929
4.7    5125.789    5124.91053
4.8    5130.62    5129.627845
4.9    5126.887    5126.095762
5.0    5118.506    5118.12534
5.1    5111.921    5111.931782
5.2    5112.455    5112.510997
5.3    5120.774    5120.808681
5.4    5133.237    5133.254324
5.5    5143.715    5143.805109
5.6    5146.881    5147.292826
5.7    5141.298    5142.215983
5.8    5130.195    5131.446858
5.9    5119.314    5120.517848
6.0    5113.483    5114.557398
6.1    5114.295    5115.648183
6.2    5119.878    5121.967038
6.3    5126.14    5128.97268
6.4    5128.676    5131.870196
6.5    5124.834    5128.051263
6.6    5115.2    5118.328383
6.7    5103.5    5106.459687
6.8    5094.701    5097.333381
6.9    5092.481    5094.774184
7.0    5097.676    5099.97958
7.1    5108.307    5111.162962
7.2    5120.662    5124.38467
7.3    5130.671    5135.124654
7.4    5135.31    5140.023349
7.5    5133.794    5138.235218
7.6    5128.007    5131.84539
7.7    5121.678    5124.986148
7.8    5118.586    5121.876801
7.9    5120.711    5124.668655
8.0    5127.124    5132.159881
8.1    5134.091    5140.087895
8.2    5136.62    5143.076134
8.3    5131.153    5137.531125
8.4    5118.041    5124.02208
8.5    5101.99    5107.550432
8.6    5089.81    5095.202941
8.7    5086.789    5092.418479
8.8    5093.901    5100.053044
8.9    5107.325    5113.912283
9.0    5120.416    5127.013141
9.1    5127.222    5133.394976
9.2    5125.775    5131.389182
9.3    5119.155    5124.376605
9.4    5113.407    5118.486404
9.5    5113.609    5118.707489
9.6    5120.796    5125.93145
9.7    5131.602    5136.666402
9.8    5140.477    5145.313133
9.9    5142.836    5147.400298
10.0    5137.387    5141.876105
10.1    5126.601    5131.371392
10.2    5115.273    5120.584774
10.3    5108.035    5113.854172
10.4    5107.171    5113.199553
10.5    5111.829    5117.68275
10.6    5118.786    5124.167849
10.7    5124.12    5128.922834
10.8    5124.933    5129.268357
10.9    5120.517    5124.645309
11.0    5112.603    5116.795661
11.1    5104.596    5109.033058
11.2    5100.109    5104.854945
11.3    5101.427    5106.430918
11.4    5108.569    5113.594427
11.5    5119.162    5123.7581
11.6    5129.16    5132.841377
11.7    5134.413    5136.993771
11.8    5132.748    5134.534359
11.9    5125.529    5127.143332
12.0    5117.398    5119.392747
12.1    5113.954    5116.529849
12.2    5118.577    5121.555765
12.3    5130.243    5133.211847
12.4    5143.638    5146.146262
12.5    5151.733    5153.488869
12.6    5149.665    5150.676722
12.7    5137.711    5138.306982
12.8    5121.362    5122.045077
12.9    5108.247    5109.462991
13.0    5103.836    5105.78778
13.1    5108.607    5111.157104
13.2    5118.156    5120.852839
13.3    5125.989    5128.204246
13.4    5127.273    5128.45824
13.5    5121.466    5121.439359
13.6    5112.407    5111.50028
13.7    5105.928    5104.856427
13.8    5106.498    5105.976852
13.9    5114.887    5115.178386
14.0    5127.961    5128.659878
14.1    5140.39    5140.675465
14.2    5147.198    5146.433944
14.3    5145.985    5144.196256
14.4    5137.929    5135.745124
14.5    5127.145    5125.28412
14.6    5118.639    5117.427994
14.7    5115.91    5115.196504
14.8    5119.436    5118.830755
14.9    5126.674    5125.851065
15.0    5133.387    5132.260982
15.1    5135.643    5134.39248
15.2    5131.741    5130.662472
15.3    5123.243    5122.473147
15.4    5114.41    5113.725132
15.5    5110.089    5109.018136
15.6    5113.124    5111.34775
15.7    5122.77    5120.445207
15.8    5134.954    5132.618607
15.9    5144.173    5142.280568
16.0    5146.077    5144.596306
16.1    5139.632    5138.055904
16.2    5127.85    5125.566905
16.3    5116.566    5113.241673
16.4    5111.583    5107.318632
16.5    5115.538    5110.817014
16.6    5126.279    5121.775998
16.7    5137.856    5134.153077
16.8    5143.784    5141.071214
16.9    5140.777    5138.717633
17.0    5130.678    5128.594697
17.1    5119.345    5116.645454
17.2    5113.168    5109.721956
17.3    5115.353    5111.573089
17.4    5124.165    5120.758778
17.5    5134.094    5131.632193
17.6    5139.177    5137.702106
17.7    5136.455    5135.344426
17.8    5127.486    5125.716678
17.9    5117.175    5113.902856
18.0    5110.87    5105.981067
18.1    5111.56    5105.79222
18.2    5118.654    5113.154634
18.3    5128.697    5124.308868
18.4    5137.315    5134.111862
18.5    5141.263    5138.636098
18.6    5139.705    5136.830414
18.7    5134.352    5130.629481
18.8    5128.501    5123.73102
18.9    5125.403    5119.75095
19.0    5126.722    5120.607833
19.1    5131.843    5125.804519
19.2    5138.243    5132.787447
19.3    5142.603    5138.060677
19.4    5142.184    5138.562248
19.5    5136.046    5132.937124
19.6    5125.737    5122.38362
19.7    5114.96    5110.603454
19.8    5108.114    5102.502434
19.9    5108.291    5101.953244
20.0    5115.678    5109.658809
20.1    5127.145    5122.31639
20.2    5137.33    5133.799595
20.3    5141.099    5138.143076
20.4    5136.413    5132.949563
20.5    5125.89    5121.109467
20.6    5115.634    5109.415956
20.7    5111.756    5104.69489
20.8    5116.772    5109.813945
20.9    5128.127    5121.984461
21.0    5139.651    5134.344371
21.1    5145.036    5139.934406
21.2    5141.406    5135.75285
21.3    5130.943    5124.430828
21.4    5119.613    5112.544094
21.5    5113.7    5106.726939
21.6    5116.224    5109.992653
21.7    5125.412    5120.301267
21.8    5136.051    5131.991895
21.9    5142.708    5139.105523
22.0    5142.724    5138.610989
22.1    5137.209    5131.700091
22.2    5129.812    5122.616962
22.3    5124.377    5116.00549
22.4    5122.93    5114.447565
22.5    5125.0    5117.471612
22.6    5128.374    5122.303288
22.7    5130.611    5125.64922
22.8    5130.259    5125.374065
22.9    5127.187    5121.258722
23.0    5122.265    5114.778466
23.1    5116.992    5108.35241
23.2    5113.238    5104.488583
23.3    5112.813    5104.989991
23.4    5116.699    5110.285162
23.5    5124.276    5119.037119
23.6    5133.11    5128.288114
23.7    5139.683    5134.361734
23.8    5140.958    5134.459926
23.9    5136.148    5128.334954
24.0    5127.622    5118.93602
24.1    5120.017    5111.217058
24.2    5117.684    5109.484114
24.3    5121.98    5114.815104
24.4    5130.244    5124.179809
24.5    5137.248    5131.917535
24.6    5138.277    5132.900806
24.7    5131.977    5125.678202
24.8    5121.315    5113.657843
24.9    5112.038    5103.369139
25.0    5109.478    5100.698537
25.1    5115.446    5107.401176
25.2    5127.063    5120.015865
25.3    5138.267    5131.789498
25.4    5143.2    5136.448806
25.5    5139.455    5131.640003
25.6    5129.274    5120.107233
25.7    5118.134    5108.032727
25.8    5111.71    5101.582664
25.9    5112.919    5103.628512
26.0    5120.516    5112.393646
26.1    5129.865    5122.657936
26.2    5135.568    5128.763847
26.3    5134.529    5127.691543
26.4    5127.63    5120.478181
26.5    5118.943    5111.313686
26.6    5113.184    5105.05353
26.7    5113.176    5104.689277
26.8    5118.745    5110.092377
26.9    5127.199    5118.433103
27.0    5134.704    5125.751384
27.1    5137.857    5128.734899
27.2    5135.013    5125.938686
27.3    5126.947    5118.161987
27.4    5116.565    5108.075287
27.5    5107.752    5099.307784
27.6    5103.891    5095.211886
27.7    5106.603    5097.588547
27.8    5115.025    5105.781312
27.9    5125.85    5116.606431
28.0    5134.442    5125.44265
28.1    5136.995    5128.340651
28.2    5132.769    5124.270814
28.3    5124.884    5116.092867
28.4    5118.78    5109.259201
28.5    5119.083    5108.702926
28.6    5126.715    5115.714154
28.7    5137.969    5126.770977
28.8    5146.225    5135.223095
28.9    5145.617    5135.08708
29.0    5134.714    5124.798279
29.1    5117.8    5108.493318
29.2    5102.666    5093.814488
29.3    5096.196    5087.53207
29.4    5100.521    5091.6996
29.5    5112.001    5102.622504
29.6    5123.444    5113.169945
29.7    5128.202    5117.01118
29.8    5123.886    5112.235343
29.9    5113.626    5102.229674
30.0    5104.158    5093.450524
30.1    5101.826    5091.599777
30.2    5108.89    5098.485868
30.3    5122.348    5111.221793
30.4    5135.853    5123.981479
30.5    5143.281    5131.150578
30.6    5141.743    5130.077208
30.7    5132.609    5122.058336
30.8    5120.508    5111.32853
30.9    5111.123    5102.847608
31.0    5108.653    5100.068583
31.1    5113.901    5103.627654
31.2    5123.911    5111.337141
31.3    5133.471    5119.289355
31.4    5137.729    5123.517001
31.5    5134.447    5121.581012
31.6    5124.78    5113.580184
31.7    5112.562    5102.248298
31.8    5102.685    5091.999966
31.9    5099.18    5087.116191
32.0    5103.427    5089.714565
32.1    5113.204    5098.466013
32.2    5123.374    5108.890008
32.3    5128.317    5115.391288
32.4    5125.012    5114.224369
32.5    5114.984    5105.80012
32.6    5103.776    5094.808634
32.7    5098.051    5087.804309
32.8    5101.907    5089.538435
32.9    5114.45    5100.178045
33.0    5130.044    5115.013401
33.1    5141.198    5126.849145
33.2    5142.592    5129.841126
33.3    5133.966    5122.694289
33.4    5120.17    5109.358209
33.5    5108.351    5096.761974
33.6    5103.992    5090.934205
33.7    5108.061    5093.77091
33.8    5116.759    5102.199447
33.9    5123.874    5110.087327
34.0    5124.349    5111.79128
34.1    5117.076    5105.370307
34.2    5105.448    5093.661413
34.3    5095.464    5082.647776
34.4    5092.473    5078.129226
34.5    5098.325    5082.633747
34.6    5110.428    5094.247605
34.7    5123.256    5107.84988
34.8    5131.421    5117.880827
34.9    5132.437    5121.027818
35.0    5127.607    5117.461417
35.1    5120.736    5110.23455
35.2    5115.81    5103.454554
35.3    5115.055    5100.286418
35.4    5118.186    5101.668791
35.5    5122.809    5106.107713
35.6    5125.602    5110.436807
35.7    5123.816    5111.202094
35.8    5116.644    5106.252374
35.9    5105.862    5095.995949
36.0    5095.311    5083.668639
36.1    5089.251    5074.183666
36.2    5090.309    5071.850857
36.3    5098.027    5078.037203
36.4    5108.856    5090.085048
36.5    5117.724    5102.296844
36.6    5120.529    5108.739814
36.7    5116.297    5106.491776
36.8    5107.841    5097.446621
36.9    5100.476    5087.454837
37.0    5099.26    5083.129944
37.1    5106.116    5088.093409
37.2    5118.455    5100.80385
37.3    5130.354    5115.239567
37.4    5135.816    5124.119036
37.5    5132.171    5122.886108
37.6    5121.496    5112.190459
37.7    5109.314    5097.470613
37.8    5101.58    5085.977846
37.9    5101.692    5082.975405
38.0    5108.902    5089.096652
38.1    5118.737    5100.102802
38.2    5125.25    5109.135236
38.3    5124.126    5110.375965
38.4    5115.015    5102.180247
38.5    5101.7    5087.884622
38.6    5089.987    5073.855773
38.7    5084.575    5066.046014
38.8    5086.765    5067.091216
38.9    5094.229    5075.427216
39.0    5102.758    5086.6046
39.1    5108.746    5095.793409
39.2    5110.805    5100.008891
39.3    5109.803    5099.05661
39.4    5107.824    5095.132133
39.5    5107.065    5091.614216
39.6    5109.131    5091.595068
39.7    5114.515    5096.520428
39.8    5122.099    5105.318352
39.9    5129.122    5114.467729
40.0    5132.138    5119.298794
40.1    5128.789    5116.264369
40.2    5119.369    5105.146655
40.3    5107.088    5089.769768
40.4    5096.675    5076.399896
40.5    5091.981    5070.481798
40.6    5093.886    5073.595232
40.7    5099.802    5082.517997
40.8    5105.214    5091.059633
40.9    5106.415    5093.667814
41.0    5102.689    5088.691802
41.1    5096.645    5079.35964
41.2    5092.648    5071.925779
41.3    5094.364    5072.104143
41.4    5102.674    5081.775132
41.5    5114.94    5097.708964
41.6    5126.085    5113.000504
41.7    5131.087    5120.559788
41.8    5127.657    5116.863523
41.9    5117.539    5103.886231
42.0    5105.619    5088.085834
42.1    5097.375    5077.014009
42.2    5096.108    5075.418494
42.3    5101.391    5082.873704
42.4    5109.437    5094.141243
42.5    5115.178    5102.09987
42.6    5115.004    5101.680461
42.7    5108.62    5092.547843
42.8    5098.985    5079.020117
42.9    5090.533    5067.526
43.0    5086.976    5063.297641
43.1    5089.822    5068.039948
43.2    5097.99    5079.442793
43.3    5108.309    5092.471833
43.4    5116.71    5101.725396
43.5    5119.849    5103.788885
43.6    5116.579    5098.59078
43.7    5108.594    5089.300505
43.8    5099.847    5080.936461
43.9    5094.946    5078.2208
44.0    5097.083    5083.406983
44.1    5106.32    5094.960874
44.2    5119.099    5107.901602
44.3    5129.553    5116.000495
44.4    5132.382    5114.972232
44.5    5125.865    5104.926761
44.6    5113.068    5090.497875
44.7    5100.203    5078.377444
44.8    5093.05    5073.620278
44.9    5093.714    5076.878119
45.0    5099.688    5084.174483
45.1    5105.6    5089.350142
45.2    5106.45    5087.742259
45.3    5100.414    5078.926229
45.4    5089.803    5066.979717
45.5    5079.838    5058.262691
45.6    5075.985    5058.030738
45.7    5081.138    5067.639693
45.8    5094.004    5083.715669
45.9    5109.552    5099.74363
46.0    5121.47    5109.356731
46.1    5125.44    5109.634337
46.2    5121.432    5102.565393
46.3    5113.568    5093.812942
46.4    5107.593    5089.476704
46.5    5107.533    5092.650082
46.6    5113.463    5101.62123
46.7    5121.513    5110.724767
46.8    5125.987    5113.496769
46.9    5122.507    5106.409426
47.0    5110.551    5090.952138
47.1    5093.951    5072.86068
47.2    5079.057    5059.168337
47.3    5071.683    5054.888974
47.4    5074.495    5060.926654
47.5    5085.958    5073.918734
47.6    5101.034    5087.891802
47.7    5113.268    5096.975823
47.8    5117.579    5097.979324
47.9    5112.621    5091.65138
48.0    5101.505    5082.116212
48.1    5090.279    5074.864015
48.2    5084.932    5074.231652
48.3    5088.464    5081.386976
48.4    5099.455    5093.643574
48.5    5112.699    5105.523337
48.6    5121.601    5111.281783
48.7    5121.384    5107.804846
48.8    5111.647    5096.385205
48.9    5096.877    5082.308518
49.0    5084.334    5072.301997
49.1    5080.322    5071.085061
49.2    5086.87    5078.826177
49.3    5100.592    5090.937371
49.4    5114.332    5100.471806
49.5    5120.794    5101.91607
49.6    5116.373    5094.211672
49.7    5103.078    5081.224607
49.8    5087.363    5069.493116
49.9    5076.575    5064.693127
50.0    5075.185    5068.784885
50.1    5082.838    5079.221688
50.2    5094.927    5090.491475
50.3    5105.132    5097.129055
50.4    5108.674    5096.597043
50.5    5104.787    5090.506931
50.6    5097.062    5083.588731
50.7    5091.317    5081.039109
50.8    5092.158    5085.658838
50.9    5100.303    5096.230594
51.0    5112.179    5107.974488
51.1    5121.803    5114.894419
51.2    5123.794    5112.819672
51.3    5116.064    5101.546084
51.4    5100.962    5085.004788
51.5    5084.305    5069.46071
51.6    5072.615    5060.656914
51.7    5069.927    5061.194865
51.8    5075.871    5069.316552
51.9    5086.037    5079.747015
52.0    5094.403    5086.389915
52.1    5096.511    5085.623643
52.2    5091.786    5078.357499
52.3    5083.801    5069.574173
52.4    5078.387    5065.604254
52.5    5080.521    5070.700087
52.6    5091.532    5084.714799
52.7    5108.051    5102.977312
52.8    5123.378    5118.377961
52.9    5130.702    5124.667505
53.0    5126.555    5119.373439
53.1    5112.623    5104.920072
53.2    5094.975    5087.487193
53.3    5081.195    5074.250166
53.4    5076.869    5070.255163
53.5    5083.009    5076.180169
53.6    5095.542    5087.903037
53.7    5107.228    5098.283779
53.8    5111.328    5100.695429
53.9    5105.23    5092.681586
54.0    5091.875    5077.562492
54.1    5078.034    5062.796911
54.2    5070.58    5055.962296
54.3    5073.009    5060.68086
54.4    5083.939    5074.710198
54.5    5097.988    5091.142411
54.6    5108.382    5102.049219
54.7    5110.162    5102.617355
54.8    5102.601    5093.507469
54.9    5089.659    5080.229675
55.0    5078.128    5070.112256
55.1    5074.296    5068.638409
55.2    5080.763    5076.915935
55.3    5095.034    5091.276782
55.4    5110.678    5105.101341
55.5    5120.595    5112.084843
55.6    5120.715    5109.403927
55.7    5112.043    5099.096554
55.8    5099.848    5086.852362
55.9    5090.594    5078.888236
56.0    5088.499    5078.632588
56.1    5093.534    5084.957475
56.2    5101.653    5092.858111
56.3    5106.978    5096.26044
56.4    5104.958    5091.495256
56.5    5094.99    5079.498236
56.6    5081.055    5065.470816
56.7    5069.863    5056.241487
56.8    5067.412    5056.814974
56.9    5075.829    5067.847525
57.0    5092.122    5085.207053
57.1    5109.473    5101.835156
57.2    5120.5    5111.08556
57.3    5120.953    5109.902469
57.4    5111.871    5100.191457
57.5    5098.912    5087.718171
57.6    5089.213    5079.197467
57.7    5087.627    5079.030799
57.8    5094.427    5087.150665
57.9    5105.435    5098.919578
58.0    5114.238    5107.256835
58.1    5115.299    5106.196398
58.2    5106.66    5094.179051
58.3    5091.094    5075.232223
58.4    5075.083    5057.255073
58.5    5065.935    5048.292779
58.6    5068.313    5052.702975
58.7    5081.858    5068.984897
58.8    5101.097    5090.251241
58.9    5117.826    5107.316384
59.0    5124.964    5113.155164
59.1    5120.071    5106.448211
59.2    5106.597    5092.117649
59.3    5092.057    5078.520935
59.4    5084.056    5073.011989
59.5    5086.407    5078.299647
59.6    5097.414    5091.289099
59.7    5111.014    5104.804324
59.8    5119.963    5111.363593
59.9    5119.44    5107.182406
60.0    5109.465    5094.253442
60.1    5095.001    5079.25662
60.2    5083.52    5069.881903
60.3    5081.074    5070.656269
60.4    5088.96    5080.558441
60.5    5102.912    5093.658227
60.6    5115.363    5102.417033
60.7    5119.506    5101.828621
60.8    5112.845    5092.027259
60.9    5098.371    5077.921624
61.0    5082.919    5066.323885
61.1    5073.71    5062.437308
61.2    5074.778    5067.530508
61.3    5084.978    5078.664418
61.4    5098.702    5090.347381
61.5    5109.04    5097.281484
61.6    5111.544    5096.935388
61.7    5106.355    5090.729967
61.8    5097.701    5083.275765
61.9    5091.497    5080.039336
62.0    5092.43    5084.529825
62.1    5101.648    5096.309192
62.2    5115.865    5110.826982
62.3    5128.57    5121.34603
62.4    5133.199    5122.214702
62.5    5126.696    5111.86538
62.6    5111.233    5093.850732
62.7    5093.08    5075.273986
62.8    5079.548    5063.457759
62.9    5075.751    5062.55356
63.0    5082.392    5071.654528
63.1    5095.302    5085.242047
63.2    5107.217    5095.858247
63.3    5111.472    5097.875895
63.4    5105.827    5090.487006
63.5    5093.865    5078.210986
63.6    5082.894    5068.5253
63.7    5079.722    5067.859339
63.8    5086.947    5078.068695
63.9    5101.652    5095.226107
64.0    5116.902    5111.454004
64.1    5125.284    5119.010646
64.2    5122.808    5114.463431
64.3    5111.016    5100.492041
64.4    5095.975    5084.258843
64.5    5084.858    5073.471003
64.6    5082.364    5072.508698
64.7    5088.865    5080.603882
64.8    5100.748    5092.724477
64.9    5112.284    5102.460113
65.0    5118.162    5105.305273
65.1    5115.877    5100.638055
65.2    5106.963    5091.535069
65.3    5096.25    5082.835151
65.4    5089.33    5078.678888
65.5    5089.614    5080.716861
65.6    5096.645    5087.622199
65.7    5106.465    5095.91071
65.8    5113.681    5101.579914
65.9    5114.171    5101.854214
66.0    5107.176    5096.401127
66.1    5095.776    5087.58773
66.2    5085.43    5079.584807
66.3    5081.248    5076.543852
66.4    5085.452    5080.589605
66.5    5096.333    5090.585678
66.6    5109.136    5102.366397
66.7    5118.315    5110.532711
66.8    5120.118    5111.137298
66.9    5114.322    5103.905406
67.0    5104.298    5092.610851
67.1    5095.29    5083.172594
67.2    5091.694    5080.433822
67.3    5094.734    5085.427768
67.4    5101.819    5094.690562
67.5    5108.006    5102.085036
67.6    5108.837    5102.235104
67.7    5102.874    5093.701073
67.8    5092.479    5080.057575
67.9    5082.501    5068.186253
68.0    5077.804    5064.693186
68.1    5080.993    5072.385487
68.2    5091.285    5088.656699
68.3    5104.838    5106.655024
68.4    5116.411    5118.736119
68.5    5121.732    5120.417786
68.6    5119.523    5112.575318
68.7    5112.001    5100.586634
68.8    5103.506    5091.095138
68.9    5098.152    5088.472151
69.0    5097.936    5092.920134
69.1    5102.145    5100.915764
69.2    5107.946    5107.39776
69.3    5111.667    5108.382457
69.4    5110.406    5102.715956
69.5    5103.562    5092.338185
69.6    5093.487    5081.255096
69.7    5084.579    5073.847631
69.8    5081.084    5073.157278
69.9    5084.889    5079.677277
70.0    5094.576    5091.037577
70.1    5105.994    5102.744296
70.2    5113.942    5109.863325
70.3    5114.422    5109.201416
70.4    5106.779    5101.070717
70.5    5094.534    5089.503781
70.6    5083.876    5080.440025
70.7    5080.302    5078.699604
70.8    5085.465    5085.394951
70.9    5096.319    5097.205571
71.0    5107.026    5108.008648
71.1    5112.32    5112.192436
71.2    5110.322    5107.925747
71.3    5103.361    5098.371115
71.4    5096.498    5089.917131
71.5    5094.631    5088.430624
71.6    5099.73    5095.781045
71.7    5109.691    5108.614398
71.8    5119.446    5120.030806
71.9    5123.678    5123.30552
72.0    5119.567    5115.671809
72.1    5108.132    5100.002103
72.2    5093.639    5083.338473
72.3    5081.562    5073.111224
72.4    5076.135    5073.245458
72.5    5078.578    5082.299533
72.6    5086.769    5094.544969
72.7    5096.394    5103.296459
72.8    5102.961    5104.578894
72.9    5103.788    5099.037936
73.0    5099.166    5091.130704
73.1    5092.204    5086.344378
73.2    5087.354    5088.206798
73.3    5088.221    5096.6327
73.4    5095.691    5108.195797
73.5    5107.272    5117.938833
73.6    5118.029    5121.699514
73.7    5122.777    5117.832751
73.8    5118.619    5107.695008
73.9    5106.617    5094.964993
74.0    5091.584    5084.27229
74.1    5079.974    5079.596039
74.2    5076.87    5082.802867
74.3    5083.597    5092.720539
74.4    5096.962    5105.208638
74.5    5110.462    5114.579046
74.6    5117.213    5116.192383
74.7    5113.572    5109.125682
74.8    5101.477    5097.179288
74.9    5087.67    5087.145088
75.0    5079.894    5085.060347
75.1    5082.427    5092.628766
75.2    5093.713    5105.954896
75.3    5107.336    5117.465194
75.4    5115.613    5120.166553
75.5    5113.841    5111.891416
75.6    5102.899    5096.838956
75.7    5088.783    5083.276525
75.8    5079.318    5078.822715
75.9    5079.939    5086.204323
76.0    5090.836    5101.821776
76.1    5106.866    5117.748646
76.2    5120.17    5126.040327
76.3    5124.143    5123.004541
76.4    5116.786    5111.002522
76.5    5101.738    5096.79468
76.6    5086.393    5087.586209
76.7    5078.068    5087.177453
76.8    5080.223    5094.274778
76.9    5090.743    5103.643785
77.0    5103.125    5109.265082
77.1    5109.983    5107.645072
77.2    5107.007    5099.481692
77.3    5095.249    5089.011257
77.4    5080.516    5081.709373
77.5    5070.368    5081.659516
77.6    5070.424    5089.759525
77.7    5081.812    5103.424739
77.8    5100.702    5117.803113
77.9    5119.921    5127.882457
78.0    5132.013    5130.520029
78.1    5132.554    5125.56315
78.2    5122.248    5115.72147
78.3    5106.608    5105.363828
78.4    5093.256    5098.739373
78.5    5088.198    5098.247645
78.6    5092.936    5103.353782
78.7    5103.757    5110.617299
78.8    5113.498    5115.064462
78.9    5115.167    5112.649533
79.0    5105.859    5102.78626
79.1    5088.836    5089.362979
79.2    5072.106    5079.123406
79.3    5064.042    5077.950408
79.4    5068.706    5087.227626
79.5    5083.732    5102.64652
79.6    5101.781    5116.401811
79.7    5114.459    5121.621121
79.8    5116.487    5116.347971
79.9    5108.139    5104.547926
80.0    5094.927    5093.580211
80.1    5084.777    5089.906269
80.2    5083.969    5095.667979
80.3    5093.764    5107.863372
80.4    5109.527    5120.257438
80.5    5123.111    5126.848184
80.6    5127.397    5125.025566
80.7    5120.351    5116.758101
80.8    5106.072    5107.256805
80.9    5092.329    5101.979809
81.0    5086.241    5103.669953
81.1    5090.593    5110.992125
81.2    5102.56    5119.439066
81.3    5115.304    5123.916125
81.4    5121.544    5121.447431
81.5    5117.24    5112.477612
81.6    5103.494    5100.297771
81.7    5085.831    5089.290111
81.8    5071.506    5083.086841
81.9    5066.301    5083.395045
82.0    5072.129    5089.688574
82.1    5086.259    5099.594725
82.2    5102.472    5109.718907
82.3    5113.877    5116.760615
82.4    5116.297    5118.79382
82.5    5110.48    5116.293571
82.6    5101.668    5112.169973
82.7    5096.556    5110.364028
82.8    5099.402    5113.541942
82.9    5109.625    5121.248618
83.0    5122.242    5129.766038
83.1    5130.673    5133.962349
83.2    5130.108    5130.223294
83.3    5119.652    5118.774724
83.4    5102.55    5103.899832
83.5    5084.809    5091.800898
83.6    5072.836    5087.340431
83.7    5070.792    5091.537466
83.8    5078.619    5101.171574
83.9    5091.863    5110.663421
84.0    5103.754    5115.197924
84.1    5108.718    5113.351508
84.2    5105.399    5107.717827
84.3    5097.399    5103.19541
84.4    5091.164    5103.988435
84.5    5092.185    5111.088761
84.6    5101.685    5121.689067
84.7    5115.811    5130.842473
84.8    5127.888    5134.329181
84.9    5132.363    5130.951334
85.0    5127.8    5122.942915
85.1    5117.125    5114.493796
85.2    5105.439    5109.461357
85.3    5097.242    5109.542662
85.4    5094.684    5113.731165
85.5    5097.242    5119.166649
85.6    5102.418    5122.748092
85.7    5106.867    5122.526651
85.8    5107.634    5118.254315
85.9    5103.354    5111.179307
86.0    5095.088    5103.512816
86.1    5086.224    5097.769886
86.2    5080.999    5095.95195
86.3    5082.155    5098.68857
86.4    5089.193    5104.762448
86.5    5098.575    5111.4724
86.6    5105.894    5115.902635
86.7    5108.541    5116.567225
86.8    5107.03    5114.468911
86.9    5104.308    5112.741556
87.0    5103.832    5114.859177
87.1    5107.707    5122.411913
87.2    5115.727    5133.842815
87.3    5125.515    5144.980051
87.4    5133.569    5151.123351
87.5    5136.695    5149.519828
87.6    5133.256    5140.800552
87.7    5123.851    5128.554685
87.8    5111.244    5117.361926
87.9    5099.412    5110.488799
88.0    5091.818    5108.495879
88.1    5089.639    5109.347022
88.2    5091.129    5109.81843
88.3    5092.776    5107.442782
88.4    5091.606    5101.996244
88.5    5087.097    5095.742239
88.6    5081.497    5092.275642
88.7    5078.479    5094.547226
88.8    5081.03    5103.11416
88.9    5089.766    5115.649063
89.0    5102.607    5128.118382
89.1    5115.994    5136.960729
89.2    5126.749    5140.812193
89.3    5133.209    5140.664284
89.4    5135.115    5138.608846
89.5    5132.973    5136.333574
89.6    5127.796    5134.444227
89.7    5121.202    5132.806805
89.8    5115.148    5131.261935
89.9    5111.061    5129.880027
90.0    5108.963    5128.531401
90.1    5107.386    5126.423852
90.2    5104.334    5122.466338
90.3    5098.788    5116.453462
90.4    5091.741    5109.970546
90.5    5085.924    5105.882412
90.6    5084.224    5106.48044
90.7    5087.799    5111.63537
90.8    5095.22    5118.457226
90.9    5103.256    5122.93157
91.0    5108.772    5122.566837
91.1    5110.459    5118.231695
91.2    5109.38    5113.786491
91.3    5108.189    5113.651055
91.4    5109.542    5119.935753
91.5    5114.538    5131.027029
91.6    5121.983    5142.473059
91.7    5128.946    5149.523957
91.8    5132.343    5149.724078
91.9    5130.558    5144.048992
92.0    5124.22    5136.07553
92.1    5115.881    5129.852778
92.2    5108.87    5127.744562
92.3    5105.699    5129.325165
92.4    5106.605    5131.770459
92.5    5109.206    5131.494511
92.6    5109.853    5126.214786
92.7    5106.025    5116.354121
92.8    5097.996    5104.977599
92.9    5088.638    5096.302467
93.0    5081.758    5093.652235
93.1    5080.322    5097.973308
93.2    5085.378    5107.641978
93.3    5095.865    5119.555584
93.4    5109.211    5130.766024
93.5    5122.454    5139.6181
93.6    5133.253    5145.825538
93.7    5140.284    5149.806213
93.8    5143.196    5152.044765
93.9    5142.623    5152.906375
94.0    5140.187    5152.732923
94.1    5137.883    5151.831958
94.2    5136.816    5150.18966
94.3    5136.217    5147.148239
94.4    5133.792    5141.552436
94.5    5127.322    5132.632026
94.6    5116.371    5121.153865
94.7    5102.875    5109.816319
94.8    5090.372    5102.207668
94.9    5082.438    5100.769671
95.0    5081.134    5105.127691
95.1    5086.088    5112.072373
95.2    5094.659    5117.427366
95.3    5103.242    5118.698694
95.4    5109.118    5116.718392
95.5    5111.912    5115.098245
95.6    5113.777    5117.840017
95.7    5118.057    5126.693412
95.8    5126.996    5139.905228
95.9    5139.791    5153.025559
96.0    5152.424    5161.215433
96.1    5159.704    5161.733396
96.2    5158.427    5155.297061
96.3    5149.471    5145.693264
96.4    5137.335    5137.885852
96.5    5127.477    5135.527802
96.6    5123.286    5139.048036
96.7    5124.515    5145.297558
96.8    5127.835    5149.093781
96.9    5128.943    5146.030551
97.0    5124.932    5135.062793
97.1    5115.735    5119.300743
97.2    5104.075    5104.467266
97.3    5094.149    5095.945422
97.4    5089.759    5096.157969
97.5    5092.68    5103.686985
97.6    5101.925    5114.454831
97.7    5114.264    5124.119136
97.8    5125.758    5130.195324
97.9    5133.518    5132.760337
98.0    5136.766    5133.705738
98.1    5136.86    5135.411751
98.2    5136.487    5139.671048
98.3    5138.413    5147.06787
98.4    5144.085    5156.643301
98.5    5152.529    5165.833014
98.6    5160.28    5170.997803
98.7    5162.878    5168.836249
98.8    5157.408    5158.306851
98.9    5144.482    5141.863233
99.0    5128.189    5124.817861
99.1    5113.976    5112.836591
99.2    5105.847    5108.968383
99.3    5104.489    5112.033928
99.4    5107.263    5117.412937
99.5    5109.972    5119.868432
99.6    5109.443    5116.788637
99.7    5105.482    5109.868654
99.8    5101.055    5104.182502
99.9    5100.699    5105.241825
