0		0.34354594		0.344196579		0.344196579		0.118471285
0.1		0.32371633		0.094008417		0.183420252		0.033642989
0.2		0.296784808		0.084636715		0.143955785		0.020723268
0.3		0.281832938		0.085153073		0.112041348		0.012553264
0.4		0.298332534		0.090638063		0.095186458		0.009060462
0.5		0.327152255		0.095712851		0.089721929		0.008050025
0.6		0.312051986		0.088341643		0.089324986		0.007978953
0.7		0.307815153		0.083818298		0.073455811		0.005395756
0.8		0.313738435		0.076991479		0.043097222		0.001857371
0.9		0.338148919		0.076363287		0.026930182		0.000725235
1		0.228651818		0.080339978		0.027244954		0.000742288
1.1		0.218832781		0.080239615		0.023823978		0.000567582
1.2		0.21920841		0.069391003		0.013532396		0.000183126
1.3		0.219404172		0.075118778		0.011421232		0.000130445
1.4		0.219036514		0.069167638		0.013550032		0.000183603
1.5		0.215090788		0.07077894		0.014130746		0.000199678
1.6		0.211988694		0.07418624		0.013549249		0.000183582
1.7		0.211005637		0.081227956		0.014935897		0.000223081
1.8		0.21261447		0.082324283		0.016483135		0.000271694
1.9		0.215185339		0.077133781		0.020953026		0.000439029
2		0.215455795		0.074144917		1.74058E-10		3.02963E-20
2.1		0.216866214		0.074427517		6.15634E-10		3.79006E-19
2.2		0.218986682		0.072186488		1.81382E-10		3.28994E-20
2.3		0.220609553		0.078381711		3.12866E-10		9.78853E-20
2.4		0.219409996		0.081554248		2.09948E-10		4.40781E-20
2.5		0.21633966		0.074327357		2.08215E-10		4.33537E-20
2.6		0.212692215		0.075681082		1.87498E-10		3.51555E-20
2.7		0.209847767		0.075349644		1.90754E-10		3.63871E-20
2.8		0.208350619		0.074400421		1.88432E-10		3.55065E-20
2.9		0.208089851		0.074484107		1.98635E-10		3.94558E-20
3		0.20779756		0.077584478		1.92127E-10		3.69126E-20
3.1		0.20766333		0.081148034		1.73181E-10		2.99916E-20
3.2		0.207701293		0.080506618		2.11903E-10		4.49027E-20
3.3		0.205991416		0.080731349		2.09946E-10		4.40773E-20
3.4		0.202029409		0.082436271		2.18243E-10		4.76299E-20
3.5		0.197228952		0.086917878		1.71213E-10		2.93139E-20
3.6		0.192356603		0.085869068		1.34669E-10		1.81357E-20
3.7		0.189491292		0.088160606		1.75331E-10		3.0741E-20
3.8		0.187102499		0.087954545		1.7858E-10		3.18907E-20
3.9		0.184957944		0.091608681		1.60147E-10		2.5647E-20
4		0.181538453		0.091456256		1.08422E-10		1.17552E-20
4.1		0.180548804		0.088659775		1.50499E-10		2.265E-20
4.2		0.179527906		0.090213189		1.56264E-10		2.44184E-20
4.3		0.17821213		0.089960571		1.71597E-10		2.94454E-20
4.4		0.178262167		0.096161023		1.22468E-10		1.49984E-20
4.5		0.181978317		0.090748929		1.20004E-10		1.44009E-20
4.6		0.179569968		0.09212667		1.78291E-10		3.17877E-20
4.7		0.177619564		0.092196443		1.78323E-10		3.1799E-20
4.8		0.178032592		0.0946609		1.13121E-10		1.27964E-20
4.9		0.179513884		0.096452434		1.1557E-10		1.33563E-20
5		0.179342551		0.095826721		1.62677E-10		2.64638E-20
5.1		0.177485938		0.094242502		1.64892E-10		2.71893E-20
5.2		0.175280033		0.09129292		1.52834E-10		2.33583E-20
5.3		0.172073637		0.097694158		1.92608E-10		3.70979E-20
5.4		0.165954028		0.095052625		1.83138E-10		3.35396E-20
5.5		0.161644891		0.105042064		1.86472E-10		3.47717E-20
5.6		0.159496898		0.10072404		1.54042E-10		2.37289E-20
5.7		0.158456011		0.103257255		3.78855E-10		1.43531E-19
5.8		0.157017412		0.10175141		1.76136E-10		3.10238E-20
5.9		0.153650915		0.097215271		1.78559E-10		3.18833E-20
6		0.160549891		0.093666961		1.98693E-10		3.94788E-20
6.1		0.191540701		0.09406053		2.06259E-10		4.25427E-20
6.2		0.186542523		0.098834916		2.0817E-10		4.33347E-20
6.3		0.181771185		0.096772946		2.92211E-10		8.53875E-20
6.4		0.179836893		0.103462868		2.8128E-10		7.91187E-20
6.5		0.174876202		0.09763019		1.81065E-10		3.27845E-20
6.6		0.17009072		0.103503095		2.24301E-10		5.03108E-20
6.7		0.170842825		0.103895114		2.51276E-10		6.31398E-20
6.8		0.166665669		0.108961106		2.32801E-10		5.41965E-20
6.9		0.179934882		0.102125019		2.20711E-10		4.87135E-20
7		0.182175542		0.100712963		2.24767E-10		5.052E-20
7.1		0.192882634		0.105170907		2.08121E-10		4.33142E-20
7.2		0.198628424		0.103677354		2.13508E-10		4.55859E-20
7.3		0.2168026		0.100083604		2.25732E-10		5.0955E-20
7.4		0.207385474		0.104432811		2.56802E-10		6.59471E-20
7.5		0.210884649		0.118008567		2.09033E-10		4.3695E-20
7.6		0.201763245		0.119292212		2.17631E-10		4.73633E-20
7.7		0.179233838		0.119015035		2.63856E-10		6.96202E-20
7.8		0.18125395		0.115998001		2.25233E-10		5.07298E-20
7.9		0.199573941		0.119121226		2.46754E-10		6.08876E-20
8		0.218400541		0.113088389		2.32551E-10		5.408E-20
8.1		0.211948531		0.11073735		2.42452E-10		5.8783E-20
8.2		0.218118412		0.104712225		2.41066E-10		5.8113E-20
8.3		0.206571624		0.102837562		2.49449E-10		6.2225E-20
8.4		0.195714725		0.109681845		2.09706E-10		4.39766E-20
8.5		0.184964399		0.121243532		2.13178E-10		4.5445E-20
8.6		0.179480665		0.12005354		2.23127E-10		4.97857E-20
8.7		0.181154732		0.109121043		2.05185E-10		4.21008E-20
8.8		0.194563366		0.103742085		3.09244E-10		9.56318E-20
8.9		0.206194489		0.109224923		2.38377E-10		5.68237E-20
9		0.194012351		0.114047591		2.14661E-10		4.60795E-20
9.1		0.186260774		0.104808643		2.41738E-10		5.84374E-20
9.2		0.191339726		0.100024675		2.16931E-10		4.7059E-20
9.3		0.222547025		0.097802772		2.03365E-10		4.13573E-20
9.4		0.247253357		0.100192917		2.13366E-10		4.55252E-20
9.5		0.242817823		0.098503335		2.69041E-10		7.23829E-20
9.6		0.206300091		0.093631684		2.46274E-10		6.06511E-20
9.7		0.185432828		0.098785414		2.49142E-10		6.20715E-20
9.8		0.181227574		0.110655377		2.58429E-10		6.67856E-20
9.9		0.185670532		0.11021352		2.19457E-10		4.81614E-20
10		0.182778017		0.125732138		2.43993E-10		5.95326E-20
10.1		0.193293943		0.102196817		2.26054E-10		5.11006E-20
10.2		0.214544869		0.099993761		3.28129E-10		1.07669E-19
10.3		0.228539852		0.095403529		2.61372E-10		6.83153E-20
10.4		0.210559545		0.089888279		2.9348E-10		8.61306E-20
10.5		0.191718664		0.084632997		2.31731E-10		5.3699E-20
10.6		0.203816169		0.091006469		3.41047E-10		1.16313E-19
10.7		0.215985689		0.096027195		3.87655E-10		1.50276E-19
10.8		0.203309392		0.096868735		2.76403E-10		7.63987E-20
10.9		0.197708311		0.099597993		2.64263E-10		6.98349E-20
11		0.228156555		0.097356326		2.69811E-10		7.27978E-20
11.1		0.283641493		0.095438354		2.42555E-10		5.88331E-20
11.2		0.25506114		0.092613929		2.80442E-10		7.86479E-20
11.3		0.233817191		0.090598813		3.17053E-10		1.00523E-19
11.4		0.215440313		0.089357029		2.6025E-10		6.773E-20
11.5		0.207387744		0.087697255		2.66115E-10		7.08174E-20
11.6		0.200814071		0.087814695		2.58305E-10		6.67214E-20
11.7		0.216046079		0.086750665		2.58472E-10		6.68077E-20
11.8		0.222595413		0.088187453		2.51984E-10		6.34961E-20
11.9		0.251984869		0.095402894		2.55224E-10		6.51394E-20
12		0.261320659		0.089929782		2.69914E-10		7.28534E-20
12.1		0.201864434		0.087843337		2.31132E-10		5.34219E-20
12.2		0.202733201		0.089067406		2.17214E-10		4.71818E-20
12.3		0.223897128		0.088767256		2.6422E-10		6.98123E-20
12.4		0.24945763		0.091691246		2.70363E-10		7.30963E-20
12.5		0.269855641		0.088066656		2.97081E-10		8.82568E-20
12.6		0.235909509		0.082677715		2.32224E-10		5.39281E-20
12.7		0.218012271		0.081003248		2.5782E-10		6.64714E-20
12.8		0.241064873		0.083878951		3.45271E-10		1.19212E-19
12.9		0.21064914		0.08837334		2.71508E-10		7.37167E-20
13		0.199759656		0.095519766		2.88536E-10		8.3253E-20
13.1		0.19733525		0.095286951		2.28172E-10		5.20623E-20
13.2		0.194594564		0.095714718		2.83947E-10		8.0626E-20
13.3		0.191205838		0.095579152		2.66837E-10		7.12021E-20
13.4		0.227578781		0.092383924		2.15099E-10		4.62676E-20
13.5		0.31456128		0.094438165		2.43679E-10		5.93795E-20
13.6		0.36265091		0.094965915		3.25632E-10		1.06036E-19
13.7		0.28400795		0.097979604		4.17874E-10		1.74619E-19
13.8		0.254040819		0.098786332		2.53499E-10		6.42617E-20
13.9		0.26423732		0.097682013		2.71299E-10		7.36033E-20
14		0.286815851		0.099600035		2.23643E-10		5.00163E-20
14.1		0.285717807		0.112119963		4.13786E-10		1.71219E-19
14.2		0.258296804		0.103808077		3.39891E-10		1.15526E-19
14.3		0.228334463		0.095562788		3.46894E-10		1.20335E-19
14.4		0.198328332		0.096845995		3.49976E-10		1.22483E-19
14.5		0.213926466		0.100307597		3.74989E-10		1.40617E-19
14.6		0.242404156		0.110905173		4.04171E-10		1.63354E-19
14.7		0.228119141		0.104072676		4.4582E-10		1.98756E-19
14.8		0.240258288		0.104241452		4.66909E-10		2.18004E-19
14.9		0.238225236		0.10400356		2.47701E-10		6.13556E-20
15		0.236654074		0.106037341		3.39547E-10		1.15292E-19
15.1		0.250637301		0.10320644		4.82492E-10		2.32798E-19
15.2		0.266148049		0.11254219		5.03625E-10		2.53638E-19
15.3		0.226223542		0.113592357		2.83144E-10		8.01707E-20
15.4		0.212231367		0.12162447		2.9564E-10		8.74033E-20
15.5		0.238493967		0.117366912		2.91552E-10		8.50026E-20
15.6		0.302267301		0.134990798		5.88455E-10		3.46279E-19
15.7		0.371436869		0.124431856		3.00371E-10		9.02225E-20
15.8		0.350845813		0.120693057		3.15413E-10		9.94851E-20
15.9		0.360949289		0.114049962		3.17371E-10		1.00725E-19
16		0.310071157		0.109991312		4.84102E-10		2.34354E-19
16.1		0.271182088		0.115731806		5.40114E-10		2.91723E-19
16.2		0.302898574		0.121776198		4.14598E-10		1.71891E-19
16.3		0.250949818		0.142144441		4.21908E-10		1.78006E-19
16.4		0.213111986		0.137486042		3.2695E-10		1.06896E-19
16.5		0.212928581		0.140439084		2.84085E-10		8.07041E-20
16.6		0.185225711		0.124298753		3.18277E-10		1.013E-19
16.7		0.195432533		0.126546152		3.45853E-10		1.19614E-19
16.8		0.250989233		0.125852078		2.92185E-10		8.53721E-20
16.9		0.262444184		0.144569115		5.05141E-10		2.55168E-19
17		0.226207218		0.137739671		3.22259E-10		1.03851E-19
17.1		0.223243513		0.142270845		4.07941E-10		1.66416E-19
17.2		0.222756131		0.135046531		3.68778E-10		1.35997E-19
17.3		0.241594825		0.146991433		3.38691E-10		1.14711E-19
17.4		0.279151264		0.153197684		3.51232E-10		1.23364E-19
17.5		0.289254039		0.147442827		3.63003E-10		1.31771E-19
17.6		0.265156675		0.144608088		3.68374E-10		1.357E-19
17.7		0.240261161		0.146812625		3.70439E-10		1.37225E-19
17.8		0.215591606		0.167697714		4.18539E-10		1.75175E-19
17.9		0.257743277		0.163916572		4.09744E-10		1.67891E-19
18		0.27432327		0.179823203		5.9623E-10		3.5549E-19
18.1		0.314092161		0.161213012		6.84051E-10		4.67926E-19
18.2		0.315712017		0.149570604		4.01734E-10		1.6139E-19
18.3		0.301764507		0.146969889		4.25279E-10		1.80862E-19
18.4		0.277379073		0.163581402		4.72956E-10		2.23687E-19
18.5		0.252579274		0.168102085		5.51138E-10		3.03753E-19
18.6		0.255014323		0.222443661		6.67042E-10		4.44945E-19
18.7		0.242734984		0.182284632		5.17037E-10		2.67327E-19
18.8		0.235911593		0.178762292		5.49838E-10		3.02321E-19
18.9		0.257007972		0.176555579		6.17174E-10		3.80904E-19
19		0.264459765		0.172522628		5.75598E-10		3.31313E-19
19.1		0.269168165		0.172363041		6.25512E-10		3.91265E-19
19.2		0.302343112		0.173174915		5.96003E-10		3.5522E-19
19.3		0.280044514		0.169636105		5.59648E-10		3.13205E-19
19.4		0.259383236		0.159467063		6.13477E-10		3.76354E-19
19.5		0.271383363		0.175282277		5.52983E-10		3.0579E-19
19.6		0.255968435		0.190603831		6.59218E-10		4.34569E-19
19.7		0.256473332		0.226961548		7.7397E-10		5.99029E-19
19.8		0.252265385		0.178702537		6.74443E-10		4.54873E-19
19.9		0.226524911		0.179496627		5.70167E-10		3.25091E-19
20		0.23440042		0.176334261		3.27471E-10		1.07237E-19
20.1		0.268188175		0.188546282		3.05383E-10		9.32589E-20
20.2		0.246150316		0.194565561		3.378E-10		1.14109E-19
20.3		0.238071317		0.170360776		4.57651E-10		2.09445E-19
20.4		0.24463012		0.177445161		6.15244E-10		3.78525E-19
20.5		0.274959235		0.185500547		4.46939E-10		1.99754E-19
20.6		0.303650752		0.179821481		4.38999E-10		1.9272E-19
20.7		0.302202114		0.18010716		4.23734E-10		1.79551E-19
20.8		0.296239021		0.223471123		3.8394E-10		1.4741E-19
20.9		0.241458142		0.20261023		5.20019E-10		2.7042E-19
21		0.211414446		0.225344992		5.85814E-10		3.43179E-19
21.1		0.200810106		0.20540502		5.98226E-10		3.57874E-19
21.2		0.208073492		0.236126518		7.03256E-10		4.94569E-19
21.3		0.244151579		0.219494034		4.62961E-10		2.14333E-19
21.4		0.266478509		0.186492806		4.24034E-10		1.79804E-19
21.5		0.247761257		0.179198306		4.28133E-10		1.83297E-19
21.6		0.227571011		0.165519735		3.58455E-10		1.2849E-19
21.7		0.22528675		0.189007698		3.77959E-10		1.42853E-19
21.8		0.231950001		0.203510646		4.0073E-10		1.60585E-19
21.9		0.281786557		0.240454848		4.2829E-10		1.83432E-19
22		0.278520405		0.221331863		5.31567E-10		2.82563E-19
22.1		0.26772022		0.220491403		3.76806E-10		1.41983E-19
22.2		0.267906327		0.190421492		3.91157E-10		1.53004E-19
22.3		0.261937568		0.193648288		3.28176E-10		1.07699E-19
22.4		0.27340234		0.176128389		3.10141E-10		9.61872E-20
22.5		0.244239676		0.189734769		3.23681E-10		1.04769E-19
22.6		0.259251522		0.159539623		2.5594E-10		6.55054E-20
22.7		0.233443395		0.156436991		2.65628E-10		7.05584E-20
22.8		0.215144689		0.169821349		2.56948E-10		6.6022E-20
22.9		0.249105505		0.203930785		2.64792E-10		7.01148E-20
23		0.335094871		0.204841707		2.87E-10		8.23689E-20
23.1		0.265698634		0.189786655		3.82013E-10		1.45934E-19
23.2		0.213020274		0.196919382		3.49592E-10		1.22215E-19
23.3		0.207569006		0.195366303		4.27516E-10		1.8277E-19
23.4		0.227414605		0.214513796		4.65922E-10		2.17084E-19
23.5		0.238288527		0.175826069		3.23197E-10		1.04456E-19
23.6		0.241367181		0.176431756		2.79155E-10		7.79276E-20
23.7		0.229502851		0.165333674		2.47994E-10		6.15011E-20
23.8		0.253938092		0.174419579		2.21837E-10		4.92114E-20
23.9		0.298974297		0.164913502		2.34761E-10		5.51125E-20
24		0.277694247		0.190493876		3.06032E-10		9.36555E-20
24.1		0.312602409		0.221916529		3.11385E-10		9.69607E-20
24.2		0.314698157		0.217819945		4.84263E-10		2.3451E-19
24.3		0.292030225		0.207480464		4.07457E-10		1.66021E-19
24.4		0.272993425		0.203215793		6.52613E-10		4.25904E-19
24.5		0.271275229		0.204605829		3.49649E-10		1.22254E-19
24.6		0.328027269		0.175234782		3.63384E-10		1.32048E-19
24.7		0.328091106		0.174782498		3.267E-10		1.06733E-19
24.8		0.282752832		0.155486777		2.47192E-10		6.11039E-20
24.9		0.246314809		0.154144047		2.59596E-10		6.73903E-20
25		0.253390352		0.158674945		2.81656E-10		7.93299E-20
25.1		0.275720981		0.196649064		3.8436E-10		1.47733E-19
25.2		0.299739704		0.191478627		3.21778E-10		1.03541E-19
25.3		0.260508153		0.221502951		4.18361E-10		1.75026E-19
25.4		0.213325527		0.188931517		3.40599E-10		1.16008E-19
25.5		0.188168985		0.176535835		6.2597E-10		3.91839E-19
25.6		0.187832683		0.171101365		3.9942E-10		1.59537E-19
25.7		0.223603975		0.16343132		3.48007E-10		1.21109E-19
25.8		0.237679553		0.150560107		2.96469E-10		8.7894E-20
25.9		0.240295749		0.163550048		2.67821E-10		7.17283E-20
26		0.261069826		0.168174284		3.04067E-10		9.2457E-20
26.1		0.28751454		0.148869132		3.944E-10		1.55551E-19
26.2		0.310847288		0.167198804		3.91821E-10		1.53524E-19
26.3		0.350894332		0.186190299		2.9119E-10		8.47915E-20
26.4		0.308031623		0.184362741		3.85194E-10		1.48374E-19
26.5		0.257943676		0.181414662		5.22213E-10		2.72706E-19
26.6		0.22430153		0.22509993		1.08424E-09		1.17559E-18
26.7		0.226458792		0.190137333		4.28334E-10		1.8347E-19
26.8		0.26302029		0.189049043		3.88025E-10		1.50563E-19
26.9		0.282515895		0.178341341		3.26568E-10		1.06647E-19
27		0.249790499		0.154150584		3.56878E-10		1.27362E-19
27.1		0.226110683		0.151091212		4.03367E-10		1.62705E-19
27.2		0.227143443		0.154355981		3.48426E-10		1.21401E-19
27.3		0.236748682		0.199530419		3.53677E-10		1.25087E-19
27.4		0.260257486		0.189725493		4.57657E-10		2.0945E-19
27.5		0.243140876		0.20744615		6.71249E-10		4.50575E-19
27.6		0.192529988		0.196134927		3.81101E-10		1.45238E-19
27.7		0.174566241		0.201129071		5.02708E-10		2.52715E-19
27.8		0.200791863		0.176578529		3.76269E-10		1.41578E-19
27.9		0.223287644		0.164059077		3.4718E-10		1.20534E-19
28		0.246010038		0.153260311		3.19157E-10		1.01861E-19
28.1		0.244583584		0.158507506		3.26597E-10		1.06666E-19
28.2		0.247810814		0.160622695		3.05548E-10		9.33596E-20
28.3		0.270714619		0.156536343		3.52656E-10		1.24366E-19
28.4		0.325353146		0.17146279		3.43217E-10		1.17798E-19
28.5		0.363968712		0.236481007		4.45599E-10		1.98558E-19
28.6		0.357419404		0.216759446		3.90723E-10		1.52665E-19
28.7		0.305187836		0.187198507		4.3666E-10		1.90672E-19
28.8		0.250597766		0.196715573		4.60095E-10		2.11687E-19
28.9		0.23930012		0.222198893		5.33737E-10		2.84875E-19
29		0.242440605		0.18157634		4.29742E-10		1.84678E-19
29.1		0.249795739		0.162050599		3.59824E-10		1.29474E-19
29.2		0.265103657		0.164400713		3.97103E-10		1.57691E-19
29.3		0.259672143		0.152864709		3.99449E-10		1.5956E-19
29.4		0.297336677		0.158892434		4.33634E-10		1.88038E-19
29.5		0.285211873		0.162096756		3.86932E-10		1.49716E-19
29.6		0.247297175		0.198985429		4.55237E-10		2.07241E-19
29.7		0.233688646		0.207543063		5.59401E-10		3.12929E-19
29.8		0.224984117		0.205932793		7.88676E-10		6.22009E-19
29.9		0.197999536		0.164816515		4.92531E-10		2.42587E-19
30		0.19652523		0.17668287		5.24873E-10		2.75492E-19
30.1		0.217553265		0.19298714		4.47887E-10		2.00603E-19
30.2		0.226529192		0.148978886		4.36547E-10		1.90574E-19
30.3		0.201033066		0.153722695		3.81943E-10		1.45881E-19
30.4		0.215959721		0.144564593		3.63276E-10		1.31969E-19
30.5		0.272938476		0.153363589		3.6315E-10		1.31878E-19
30.6		0.283088392		0.158860733		3.70167E-10		1.37023E-19
30.7		0.279872001		0.175287058		4.63416E-10		2.14754E-19
30.8		0.308568932		0.198218316		4.28012E-10		1.83195E-19
30.9		0.332418879		0.183556858		5.3759E-10		2.89003E-19
31		0.266282272		0.179684508		4.72899E-10		2.23633E-19
31.1		0.226464975		0.195300533		1.04048E-09		1.0826E-18
31.2		0.214349028		0.201535132		4.11286E-10		1.69156E-19
31.3		0.240566521		0.171861471		4.5592E-10		2.07863E-19
31.4		0.236137607		0.16205784		3.63661E-10		1.3225E-19
31.5		0.251611402		0.152226394		3.70245E-10		1.37081E-19
31.6		0.257723237		0.150219293		3.85321E-10		1.48472E-19
31.7		0.271976661		0.198099269		3.71596E-10		1.38084E-19
31.8		0.271013088		0.194212004		4.2846E-10		1.83578E-19
31.9		0.286214225		0.18512788		4.25245E-10		1.80833E-19
32		0.255633539		0.200959543		5.84011E-10		3.41069E-19
32.1		0.215560427		0.185947379		3.60602E-10		1.30034E-19
32.2		0.195825459		0.189706213		4.65973E-10		2.1713E-19
32.3		0.191663813		0.19868427		3.94582E-10		1.55695E-19
32.4		0.216998361		0.177510328		4.1342E-10		1.70916E-19
32.5		0.228627882		0.176618146		3.32756E-10		1.10727E-19
32.6		0.284775294		0.16215882		3.58211E-10		1.28315E-19
32.7		0.259618184		0.173883415		3.40709E-10		1.16083E-19
32.8		0.275646676		0.189505116		4.2327E-10		1.79158E-19
32.9		0.288384644		0.22290597		4.33704E-10		1.88099E-19
33		0.263917065		0.21269498		3.69442E-10		1.36487E-19
33.1		0.236938182		0.211720644		4.09469E-10		1.67665E-19
33.2		0.22162176		0.197516749		4.03874E-10		1.63114E-19
33.3		0.22325435		0.205415953		5.17206E-10		2.67502E-19
33.4		0.222935955		0.218103312		4.75596E-10		2.26192E-19
33.5		0.235144105		0.19595258		4.51254E-10		2.0363E-19
33.6		0.22972334		0.19617987		3.5294E-10		1.24566E-19
33.7		0.237494621		0.187280934		3.77145E-10		1.42238E-19
33.8		0.248390324		0.188841801		3.83671E-10		1.47203E-19
33.9		0.264022658		0.203989049		3.94673E-10		1.55767E-19
34		0.310001219		0.258243484		4.18187E-10		1.7488E-19
34.1		0.305386583		0.221744287		5.112E-10		2.61325E-19
34.2		0.283086164		0.214782363		4.60965E-10		2.12488E-19
34.3		0.220427802		0.214010765		6.36851E-10		4.0558E-19
34.4		0.185438505		0.235455759		5.28307E-10		2.79109E-19
34.5		0.185580748		0.260706268		4.36046E-10		1.90136E-19
34.6		0.202159715		0.237139855		6.13078E-10		3.75865E-19
34.7		0.217559712		0.198845918		4.07222E-10		1.6583E-19
34.8		0.272849052		0.19849086		4.70038E-10		2.20936E-19
34.9		0.32245183		0.204712182		4.44738E-10		1.97792E-19
35		0.327817823		0.222169271		6.43991E-10		4.14725E-19
35.1		0.281836511		0.227344659		5.35481E-10		2.8674E-19
35.2		0.254264875		0.227505296		7.00873E-10		4.91223E-19
35.3		0.257316822		0.2218085		5.25414E-10		2.7606E-19
35.4		0.255036492		0.194342222		4.82474E-10		2.32781E-19
35.5		0.238652302		0.195626413		4.42098E-10		1.95451E-19
35.6		0.222535338		0.224600631		4.94351E-10		2.44383E-19
35.7		0.256238992		0.245272044		5.1567E-10		2.65916E-19
35.8		0.308616893		0.214259263		4.87774E-10		2.37923E-19
35.9		0.322186772		0.215389917		5.12118E-10		2.62265E-19
36		0.279219793		0.224101051		6.02634E-10		3.63168E-19
36.1		0.249578466		0.225961031		5.96316E-10		3.55593E-19
36.2		0.256067259		0.242993345		5.70071E-10		3.24981E-19
36.3		0.268683275		0.244913559		5.90668E-10		3.48888E-19
36.4		0.310630066		0.210106806		4.92367E-10		2.42425E-19
36.5		0.233816483		0.213971802		6.13855E-10		3.76818E-19
36.6		0.216473246		0.230542797		5.1222E-10		2.6237E-19
36.7		0.219741607		0.24680326		6.202E-10		3.84648E-19
36.8		0.218681327		0.25710744		6.4462E-10		4.15535E-19
36.9		0.22895918		0.228984018		5.54094E-10		3.0702E-19
37		0.248820616		0.218144917		4.8901E-10		2.39131E-19
37.1		0.327927329		0.213680986		5.4047E-10		2.92108E-19
37.2		0.323200588		0.251081818		6.10145E-10		3.72277E-19
37.3		0.289451698		0.266472576		7.03921E-10		4.95504E-19
37.4		0.261376071		0.257531385		7.12547E-10		5.07723E-19
37.5		0.263043729		0.249567668		5.93506E-10		3.52249E-19
37.6		0.246346817		0.247199332		6.66834E-10		4.44667E-19
37.7		0.239645992		0.236811747		5.47222E-10		2.99452E-19
37.8		0.240829113		0.229259405		6.90984E-10		4.77459E-19
37.9		0.235432988		0.24863048		5.8341E-10		3.40368E-19
38		0.246904072		0.230471133		7.21806E-10		5.21004E-19
38.1		0.250417526		0.226483965		6.38642E-10		4.07864E-19
38.2		0.281746177		0.23904316		8.20872E-10		6.73831E-19
38.3		0.294943166		0.241765967		7.18991E-10		5.16947E-19
38.4		0.267624894		0.289445291		8.80636E-10		7.7552E-19
38.5		0.242533921		0.27017778		7.91457E-10		6.26404E-19
38.6		0.247936389		0.231248316		7.89408E-10		6.23165E-19
38.7		0.275706394		0.211100953		6.80672E-10		4.63314E-19
38.8		0.29126872		0.224806488		6.76722E-10		4.57953E-19
38.9		0.321007547		0.246323231		8.99982E-10		8.09968E-19
39		0.281102704		0.23024951		9.00654E-10		8.11179E-19
39.1		0.250061964		0.233875089		1.02386E-09		1.04828E-18
39.2		0.237975461		0.217380388		9.52053E-10		9.06404E-19
39.3		0.248803015		0.201176708		9.92531E-10		9.85118E-19
39.4		0.25268097		0.205715718		1.0187E-09		1.03775E-18
39.5		0.284525928		0.221264439		1.19702E-09		1.43286E-18
39.6		0.314682642		0.236156561		1.27114E-09		1.61579E-18
39.7		0.31918799		0.226555864		1.74399E-09		3.04149E-18
39.8		0.316874754		0.220938485		1.38475E-09		1.91754E-18
39.9		0.254550607		0.234176746		1.40253E-09		1.9671E-18
40		0.219431162		0.225736516		1.18526E-09		1.40484E-18
40.1		0.224273882		0.240035155		1.2368E-09		1.52966E-18
40.2		0.226770084		0.200365949		1.23009E-09		1.51311E-18
40.3		0.210781182		0.197386472		1.28195E-09		1.64339E-18
40.4		0.246186018		0.190830411		1.33677E-09		1.78696E-18
40.5		0.339477167		0.220383958		1.42726E-09		2.03708E-18
40.6		0.297946091		0.253788192		1.67591E-09		2.80867E-18
40.7		0.261306525		0.250682519		1.33231E-09		1.77506E-18
40.8		0.2470511		0.239054437		1.82778E-09		3.34079E-18
40.9		0.272869597		0.221278904		1.16429E-09		1.35556E-18
41		0.30663949		0.220386466		1.1054E-09		1.2219E-18
41.1		0.262080146		0.219033924		1.34023E-09		1.79622E-18
41.2		0.287391629		0.228393015		1.31627E-09		1.73256E-18
41.3		0.335779423		0.204871004		1.2221E-09		1.49353E-18
41.4		0.304909597		0.203265603		1.2543E-09		1.57326E-18
41.5		0.290097494		0.199077007		1.53552E-09		2.35783E-18
41.6		0.257052012		0.21385945		1.42571E-09		2.03266E-18
41.7		0.244776656		0.224646055		1.17959E-09		1.39144E-18
41.8		0.292942205		0.24317304		1.45503E-09		2.11712E-18
41.9		0.324144371		0.216174539		1.33762E-09		1.78922E-18
42		0.273682978		0.207686686		1.23835E-09		1.53351E-18
42.1		0.253541403		0.210212656		1.41304E-09		1.99667E-18
42.2		0.247818471		0.221283645		1.20312E-09		1.4475E-18
42.3		0.239829347		0.215170797		1.64152E-09		2.69459E-18
42.4		0.242431642		0.206847545		1.59238E-09		2.53569E-18
42.5		0.248926447		0.188194936		1.05887E-09		1.1212E-18
42.6		0.29620199		0.177535039		9.9825E-10		9.96503E-19
42.7		0.311116949		0.180459352		1.17706E-09		1.38547E-18
42.8		0.344375171		0.208976076		1.39047E-09		1.93342E-18
42.9		0.346929212		0.250075056		1.70941E-09		2.92209E-18
43		0.318840538		0.214525987		1.66651E-09		2.77727E-18
43.1		0.274072392		0.211093956		1.55441E-09		2.41618E-18
43.2		0.257389968		0.219446849		1.59449E-09		2.54239E-18
43.3		0.251589669		0.223268464		1.33069E-09		1.77075E-18
43.4		0.265956573		0.202270108		1.17953E-09		1.3913E-18
43.5		0.266794284		0.183859665		1.10469E-09		1.22035E-18
43.6		0.279548612		0.1816287		1.17961E-09		1.39147E-18
43.7		0.278087497		0.192617649		1.14765E-09		1.3171E-18
43.8		0.25750133		0.202747824		1.2156E-09		1.4777E-18
43.9		0.260336747		0.225293097		1.46724E-09		2.15279E-18
44		0.229242064		0.263138766		1.59259E-09		2.53633E-18
44.1		0.23127359		0.220582451		1.48101E-09		2.19338E-18
44.2		0.210721579		0.201458335		1.27015E-09		1.61329E-18
44.3		0.236178571		0.189954822		1.31211E-09		1.72162E-18
44.4		0.254589139		0.20405721		1.75823E-09		3.09136E-18
44.5		0.259475124		0.210821697		2.49835E-09		6.24175E-18
44.6		0.25557563		0.198868967		1.33383E-09		1.77912E-18
44.7		0.267296415		0.184657373		1.40621E-09		1.97741E-18
44.8		0.279084634		0.192000723		1.93134E-09		3.73005E-18
44.9		0.314427729		0.192670687		1.46044E-09		2.1329E-18
45		0.350067322		0.20804156		1.92947E-09		3.72286E-18
45.1		0.359476547		0.224580476		2.35062E-09		5.52542E-18
45.2		0.369349755		0.211790737		2.18627E-09		4.77978E-18
45.3		0.315493039		0.214949462		2.09436E-09		4.38633E-18
45.4		0.270433812		0.199073915		2.43741E-09		5.94099E-18
45.5		0.259155024		0.213036601		2.06375E-09		4.25906E-18
45.6		0.260148138		0.210253216		3.21138E-09		1.03129E-17
45.7		0.223978926		0.200791347		2.14439E-09		4.59843E-18
45.8		0.243970225		0.176243142		1.7987E-09		3.23532E-18
45.9		0.265518932		0.181869989		2.59153E-09		6.71603E-18
46		0.340677263		0.190845378		2.45452E-09		6.02466E-18
46.1		0.313771887		0.214202119		2.71125E-09		7.35086E-18
46.2		0.292732689		0.245637605		3.49419E-09		1.22094E-17
46.3		0.276805255		0.218782188		2.52928E-09		6.39727E-18
46.4		0.265763872		0.20779267		2.7173E-09		7.38372E-18
46.5		0.269236538		0.194970779		2.32563E-09		5.40854E-18
46.6		0.290745918		0.199059098		1.86227E-09		3.46806E-18
46.7		0.309066209		0.195629541		2.27186E-09		5.16133E-18
46.8		0.282081899		0.202167177		2.71499E-09		7.37119E-18
46.9		0.250718079		0.193533479		2.52503E-09		6.37579E-18
47		0.245281739		0.202622677		2.32567E-09		5.40873E-18
47.1		0.260266355		0.213022425		2.51417E-09		6.32103E-18
47.2		0.268340038		0.23933482		1.99766E-09		3.99065E-18
47.3		0.294495332		0.253028859		2.71582E-09		7.37569E-18
47.4		0.317088514		0.212230302		2.30828E-09		5.32814E-18
47.5		0.3277844		0.191703268		2.39394E-09		5.73095E-18
47.6		0.345416314		0.203799938		3.21413E-09		1.03306E-17
47.7		0.312558307		0.234862902		2.47485E-09		6.12487E-18
47.8		0.301852741		0.227160681		2.31725E-09		5.36964E-18
47.9		0.286912704		0.214789298		2.07119E-09		4.28982E-18
48		0.275690691		0.201582824		1.54365E-09		2.38285E-18
48.1		0.293351441		0.199804192		1.94433E-09		3.78042E-18
48.2		0.308641658		0.201444827		2.00891E-09		4.0357E-18
48.3		0.276325756		0.224540894		2.21566E-09		4.90913E-18
48.4		0.250705591		0.265602261		2.16225E-09		4.67534E-18
48.5		0.246593746		0.260237345		2.3971E-09		5.74607E-18
48.6		0.252532231		0.222240011		2.62837E-09		6.90833E-18
48.7		0.223007097		0.221299646		2.3654E-09		5.5951E-18
48.8		0.219064171		0.22053089		2.74255E-09		7.5216E-18
48.9		0.247799487		0.222783515		2.05651E-09		4.22924E-18
49		0.273649922		0.217237328		3.04708E-09		9.28473E-18
49.1		0.279657832		0.203835462		2.3953E-09		5.73744E-18
49.2		0.273462145		0.221479651		2.33783E-09		5.46543E-18
49.3		0.296041503		0.238246952		2.06666E-09		4.27109E-18
49.4		0.313620333		0.274089774		2.23843E-09		5.01055E-18
49.5		0.310696328		0.269337113		2.53805E-09		6.44168E-18
49.6		0.288064952		0.280889066		3.47218E-09		1.2056E-17
49.7		0.293141314		0.229612651		2.28346E-09		5.21419E-18
49.8		0.293253179		0.238718907		2.0208E-09		4.08361E-18
49.9		0.265792498		0.240860736		2.55466E-09		6.52631E-18
50		0.261437495		0.262252877		3.1916E-09		1.01863E-17
50.1		0.286957907		0.234164673		2.44131E-09		5.96001E-18
50.2		0.276906754		0.233848958		1.96135E-09		3.8469E-18
50.3		0.26364109		0.2335556		1.77992E-09		3.1681E-18
50.4		0.282467671		0.238386409		1.75404E-09		3.07667E-18
50.5		0.269299697		0.263409988		2.21119E-09		4.88936E-18
50.6		0.279364255		0.261083984		1.99737E-09		3.98949E-18
50.7		0.279519957		0.284305625		2.40663E-09		5.79188E-18
50.8		0.282927025		0.272452772		5.36552E-09		2.87888E-17
50.9		0.263676045		0.285054902		4.42873E-09		1.96136E-17
51		0.267646522		0.259609193		3.80554E-09		1.44822E-17
51.1		0.253099417		0.27535114		2.64383E-09		6.98984E-18
51.2		0.265049646		0.253466391		3.69677E-09		1.36661E-17
51.3		0.254680533		0.240122685		2.96294E-09		8.77899E-18
51.4		0.286582567		0.23218962		2.8429E-09		8.0821E-18
51.5		0.331387551		0.254636074		2.58744E-09		6.69484E-18
51.6		0.343122324		0.292812562		3.0261E-09		9.15725E-18
51.7		0.289530075		0.314527671		2.9154E-09		8.49954E-18
51.8		0.282297451		0.299342829		3.24371E-09		1.05216E-17
51.9		0.301078258		0.253504846		2.44931E-09		5.99911E-18
52		0.274407506		0.251213184		3.00917E-09		9.0551E-18
52.1		0.224418523		0.278618555		5.31597E-09		2.82596E-17
52.2		0.213552565		0.254580976		4.28818E-09		1.83884E-17
52.3		0.249134338		0.236897875		2.39449E-09		5.73357E-18
52.4		0.293567947		0.262547442		2.25595E-09		5.0893E-18
52.5		0.333268955		0.244086153		2.18253E-09		4.76344E-18
52.6		0.353688916		0.241320072		1.9974E-09		3.98959E-18
52.7		0.262313154		0.268723759		2.09631E-09		4.3945E-18
52.8		0.234918263		0.282227037		2.1884E-09		4.78908E-18
52.9		0.23880181		0.285708503		4.06352E-09		1.65122E-17
53		0.273949412		0.256839836		2.88419E-09		8.31856E-18
53.1		0.277725807		0.241615878		3.26182E-09		1.06394E-17
53.2		0.253277661		0.27149526		2.85192E-09		8.13343E-18
53.3		0.240608725		0.312186336		5.19809E-09		2.70202E-17
53.4		0.253958665		0.233069085		2.12422E-09		4.51233E-18
53.5		0.249486522		0.249794433		2.08501E-09		4.34726E-18
53.6		0.229800084		0.229807603		2.01114E-09		4.0447E-18
53.7		0.243438715		0.246688418		2.17237E-09		4.71919E-18
53.8		0.291101201		0.26596885		2.80473E-09		7.86648E-18
53.9		0.319657712		0.307099205		2.76495E-09		7.64493E-18
54		0.320567823		0.329219517		3.06504E-09		9.39445E-18
54.1		0.291613289		0.292460326		2.82213E-09		7.96444E-18
54.2		0.249366607		0.251651938		2.75157E-09		7.57116E-18
54.3		0.233872328		0.236979345		2.73861E-09		7.49997E-18
54.4		0.244839258		0.266325151		3.47005E-09		1.20412E-17
54.5		0.256753674		0.264553052		2.53894E-09		6.44622E-18
54.6		0.290006428		0.245633817		3.15272E-09		9.93963E-18
54.7		0.342262989		0.256171281		2.85411E-09		8.14596E-18
54.8		0.304327509		0.295522808		2.23341E-09		4.98811E-18
54.9		0.273536984		0.289067076		2.12413E-09		4.51192E-18
55		0.258570787		0.314398945		2.47272E-09		6.11434E-18
55.1		0.246869608		0.269562314		2.91013E-09		8.46888E-18
55.2		0.229158007		0.260739823		3.05532E-09		9.33501E-18
55.3		0.218714341		0.255731042		3.99752E-09		1.59801E-17
55.4		0.211019203		0.283206204		4.66173E-09		2.17317E-17
55.5		0.209446764		0.276543697		3.64527E-09		1.3288E-17
55.6		0.233590441		0.275955329		4.05279E-09		1.64251E-17
55.7		0.297793029		0.262360213		2.34655E-09		5.50628E-18
55.8		0.341739822		0.244030575		2.54151E-09		6.45926E-18
55.9		0.354387522		0.241945005		3.10117E-09		9.61725E-18
56		0.29229964		0.264059771		2.67648E-09		7.16352E-18
56.1		0.280361735		0.302861531		3.16491E-09		1.00167E-17
56.2		0.276343178		0.285678338		4.79037E-09		2.29476E-17
56.3		0.270262675		0.288585311		4.93622E-09		2.43663E-17
56.4		0.263210262		0.248876313		3.71798E-09		1.38233E-17
56.5		0.217589885		0.256630096		3.10923E-09		9.66734E-18
56.6		0.225149413		0.263788517		3.08961E-09		9.5457E-18
56.7		0.23611644		0.231936505		2.98899E-09		8.93404E-18
56.8		0.257392178		0.228848807		3.02459E-09		9.14812E-18
56.9		0.249198989		0.218803205		3.60751E-09		1.30142E-17
57		0.276854476		0.227681533		2.62256E-09		6.87781E-18
57.1		0.273469176		0.249635651		2.73649E-09		7.48836E-18
57.2		0.264886802		0.31313727		3.37173E-09		1.13685E-17
57.3		0.256858726		0.2940349		3.7086E-09		1.37537E-17
57.4		0.248402425		0.255778204		3.47907E-09		1.21039E-17
57.5		0.242715126		0.236853769		3.38076E-09		1.14295E-17
57.6		0.242176002		0.242563338		4.4602E-09		1.98934E-17
57.7		0.253508419		0.23999714		4.5482E-09		2.06861E-17
57.8		0.262856392		0.228693856		3.84759E-09		1.4804E-17
57.9		0.253375864		0.230435167		3.54528E-09		1.2569E-17
58		0.2688297		0.24173628		3.18142E-09		1.01214E-17
58.1		0.305674909		0.228944895		3.6295E-09		1.31733E-17
58.2		0.271803861		0.23932893		2.86288E-09		8.19608E-18
58.3		0.258747316		0.279482575		3.60155E-09		1.29712E-17
58.4		0.224536344		0.281649697		3.98046E-09		1.58441E-17
58.5		0.211092934		0.25197255		4.26444E-09		1.81854E-17
58.6		0.226578607		0.22915265		4.50152E-09		2.02637E-17
58.7		0.26194701		0.259410151		4.56839E-09		2.08702E-17
58.8		0.260458582		0.250500877		3.6142E-09		1.30624E-17
58.9		0.263558114		0.256011597		3.21041E-09		1.03067E-17
59		0.280444474		0.21990257		2.97735E-09		8.86463E-18
59.1		0.256172642		0.211803207		3.02745E-09		9.16548E-18
59.2		0.25934124		0.216364962		2.9234E-09		8.54627E-18
59.3		0.270049145		0.232991846		2.8012E-09		7.8467E-18
59.4		0.310813581		0.235386112		4.33518E-09		1.87938E-17
59.5		0.286767131		0.26601017		3.31086E-09		1.09618E-17
59.6		0.270777086		0.238708392		3.61255E-09		1.30505E-17
59.7		0.266499787		0.222951735		3.06652E-09		9.40357E-18
59.8		0.251134229		0.241640654		5.57963E-09		3.11323E-17
59.9		0.254326361		0.219801013		5.35847E-09		2.87132E-17
60		0.231433807		0.259067826		3.41867E-09		1.16873E-17
60.1		0.232063887		0.210295569		3.01211E-09		9.07282E-18
60.2		0.267206869		0.1994169		3.09974E-09		9.60838E-18
60.3		0.309178		0.205515131		3.14655E-09		9.90076E-18
60.4		0.281443606		0.243878936		2.90824E-09		8.45784E-18
60.5		0.242854008		0.256352178		3.54581E-09		1.25728E-17
60.6		0.215869383		0.239179345		3.23499E-09		1.04652E-17
60.7		0.203024084		0.222153413		4.04995E-09		1.64021E-17
60.8		0.208330113		0.201652561		5.01325E-09		2.51327E-17
60.9		0.23046615		0.199625909		4.68762E-09		2.19738E-17
61		0.244738193		0.207856271		3.22006E-09		1.03688E-17
61.1		0.284017943		0.233022631		3.84051E-09		1.47495E-17
61.2		0.286346733		0.252925118		3.00969E-09		9.05821E-18
61.3		0.261782513		0.233321331		3.16156E-09		9.99543E-18
61.4		0.240918634		0.184919249		2.98188E-09		8.89161E-18
61.5		0.216355529		0.206117644		3.34925E-09		1.12175E-17
61.6		0.198248775		0.246272583		3.7596E-09		1.41346E-17
61.7		0.23286851		0.236278051		4.01479E-09		1.61185E-17
61.8		0.249414677		0.221137808		4.37482E-09		1.91391E-17
61.9		0.287286706		0.208973669		3.34535E-09		1.11914E-17
62		0.247243548		0.229105276		4.84437E-09		2.34679E-17
62.1		0.218368364		0.228632294		3.62797E-09		1.31622E-17
62.2		0.229888053		0.21981293		3.89174E-09		1.51456E-17
62.3		0.259327572		0.226074031		3.98809E-09		1.59049E-17
62.4		0.228018026		0.217849321		3.79143E-09		1.43749E-17
62.5		0.240866595		0.22001363		4.00147E-09		1.60118E-17
62.6		0.273581214		0.245037496		3.66075E-09		1.34011E-17
62.7		0.248030505		0.26302992		2.8966E-09		8.39027E-18
62.8		0.218853299		0.27004761		3.86722E-09		1.49554E-17
62.9		0.197353927		0.23927341		3.96533E-09		1.57238E-17
63		0.205163395		0.206453572		3.32367E-09		1.10468E-17
63.1		0.228955889		0.191491625		3.9503E-09		1.56049E-17
63.2		0.246484375		0.200637609		3.9767E-09		1.58142E-17
63.3		0.260153899		0.216831752		4.71568E-09		2.22376E-17
63.4		0.29519103		0.211457707		3.54599E-09		1.25741E-17
63.5		0.270142865		0.217039561		3.54357E-09		1.25569E-17
63.6		0.253629267		0.235676065		3.71163E-09		1.37762E-17
63.7		0.239551988		0.239969427		3.05451E-09		9.33006E-18
63.8		0.238221316		0.252474172		3.68011E-09		1.35432E-17
63.9		0.227055923		0.230102457		4.42927E-09		1.96184E-17
64		0.257777326		0.204682061		4.13304E-09		1.7082E-17
64.1		0.245825694		0.21940187		2.95964E-09		8.7595E-18
64.2		0.2289076		0.209683757		4.11941E-09		1.69695E-17
64.3		0.240250375		0.201533025		3.46929E-09		1.2036E-17
64.4		0.262306344		0.215409309		3.1688E-09		1.00413E-17
64.5		0.257204908		0.225617553		3.14728E-09		9.90538E-18
64.6		0.253754435		0.193650312		2.62018E-09		6.86533E-18
64.7		0.244161062		0.195963876		3.39042E-09		1.1495E-17
64.8		0.233089576		0.221225236		3.24287E-09		1.05162E-17
64.9		0.226863745		0.247205172		3.21375E-09		1.03282E-17
65		0.229231825		0.242722135		4.04682E-09		1.63767E-17
65.1		0.223652593		0.215708452		3.45776E-09		1.19561E-17
65.2		0.225624822		0.215358334		3.68044E-09		1.35456E-17
65.3		0.2400964		0.209598232		3.61977E-09		1.31027E-17
65.4		0.26012132		0.203204921		2.91654E-09		8.50618E-18
65.5		0.277675507		0.201958637		3.31132E-09		1.09648E-17
65.6		0.240919343		0.201807198		3.21413E-09		1.03306E-17
65.7		0.227241159		0.194803299		3.33529E-09		1.11241E-17
65.8		0.240312508		0.199568512		3.17764E-09		1.00974E-17
65.9		0.228291755		0.228108467		3.25116E-09		1.057E-17
66		0.196064189		0.239442218		3.16676E-09		1.00283E-17
66.1		0.180012406		0.220199507		3.27861E-09		1.07493E-17
66.2		0.170275789		0.20233883		3.32765E-09		1.10733E-17
66.3		0.168147362		0.186939628		3.84902E-09		1.48149E-17
66.4		0.181707256		0.186616577		3.23522E-09		1.04666E-17
66.5		0.21746971		0.18640845		3.54019E-09		1.2533E-17
66.6		0.229771464		0.191958647		3.5794E-09		1.28121E-17
66.7		0.216101443		0.203135595		3.92207E-09		1.53826E-17
66.8		0.213318219		0.201383039		3.89971E-09		1.52078E-17
66.9		0.233537638		0.214849701		3.78315E-09		1.43122E-17
67		0.241739642		0.221971061		3.42987E-09		1.1764E-17
67.1		0.25216787		0.246080273		3.97076E-09		1.57669E-17
67.2		0.24227047		0.257598959		4.18388E-09		1.75049E-17
67.3		0.201729716		0.211266368		3.60443E-09		1.29919E-17
67.4		0.203545547		0.200416703		3.72875E-09		1.39036E-17
67.5		0.225772248		0.228727653		4.20914E-09		1.77168E-17
67.6		0.242458396		0.219891861		4.53763E-09		2.05901E-17
67.7		0.255631804		0.224534866		4.08915E-09		1.67211E-17
67.8		0.233954973		0.236632995		4.04474E-09		1.63599E-17
67.9		0.221148012		0.209892431		4.90425E-09		2.40516E-17
68		0.215064033		0.218803475		4.6765E-09		2.18697E-17
68.1		0.223966289		0.249570634		4.00106E-09		1.60085E-17
68.2		0.209454423		0.24935157		4.63686E-09		2.15004E-17
68.3		0.23354602		0.256465199		3.92038E-09		1.53693E-17
68.4		0.23989723		0.28235335		4.74903E-09		2.25533E-17
68.5		0.252273968		0.235559778		3.85081E-09		1.48287E-17
68.6		0.195824591		0.211970063		3.89144E-09		1.51433E-17
68.7		0.188677327		0.216430525		3.81611E-09		1.45627E-17
68.8		0.181177134		0.224607088		4.7787E-09		2.2836E-17
68.9		0.184811334		0.217862416		4.36925E-09		1.90904E-17
69		0.197335605		0.21027786		3.5403E-09		1.25337E-17
69.1		0.238746481		0.230704644		4.06524E-09		1.65262E-17
69.2		0.210337105		0.235995147		4.24309E-09		1.80038E-17
69.3		0.205956105		0.273183533		4.78933E-09		2.29377E-17
69.4		0.219077869		0.255157695		4.56662E-09		2.0854E-17
69.5		0.234713241		0.234202731		4.39564E-09		1.93216E-17
69.6		0.232364592		0.214536619		4.88482E-09		2.38615E-17
69.7		0.244588742		0.21716006		5.78805E-09		3.35016E-17
69.8		0.253166743		0.212598422		5.67753E-09		3.22344E-17
69.9		0.249316104		0.20543199		4.75478E-09		2.2608E-17
70		0.232932099		0.216917426		5.11875E-09		2.62016E-17
70.1		0.226626948		0.202524801		5.69112E-09		3.23888E-17
70.2		0.217789751		0.199448042		4.93825E-09		2.43863E-17
70.3		0.213362971		0.230083677		4.79757E-09		2.30167E-17
70.4		0.219826923		0.283855479		1.06254E-08		1.129E-16
70.5		0.217715635		0.238765449		5.35809E-09		2.87092E-17
70.6		0.203480909		0.234735176		5.61653E-09		3.15454E-17
70.7		0.204113704		0.212466188		9.02409E-09		8.14341E-17
70.8		0.198055552		0.217345386		8.99786E-09		8.09614E-17
70.9		0.198189856		0.243424904		8.01229E-09		6.41967E-17
71		0.187258659		0.226193066		8.06369E-09		6.50231E-17
71.1		0.204883658		0.225883089		7.35318E-09		5.40692E-17
71.2		0.243103663		0.224219512		6.96189E-09		4.84679E-17
71.3		0.283394412		0.245825689		6.91173E-09		4.7772E-17
71.4		0.247545945		0.231533744		7.25364E-09		5.26152E-17
71.5		0.24849309		0.260621222		8.21017E-09		6.74069E-17
71.6		0.261436065		0.277228288		6.93377E-09		4.80771E-17
71.7		0.249115333		0.256905453		7.64921E-09		5.85104E-17
71.8		0.230049701		0.254857682		6.16842E-09		3.80494E-17
71.9		0.222367066		0.22690132		7.37928E-09		5.44537E-17
72		0.239260259		0.221227845		9.12208E-09		8.32123E-17
72.1		0.247957408		0.209359254		8.69752E-09		7.56468E-17
72.2		0.23617075		0.215213727		7.39441E-09		5.46773E-17
72.3		0.215335086		0.205280027		6.90653E-09		4.77002E-17
72.4		0.220253099		0.215986196		6.10052E-09		3.72163E-17
72.5		0.199985135		0.250544406		6.36474E-09		4.05099E-17
72.6		0.183610788		0.2596435		8.10789E-09		6.57379E-17
72.7		0.181636988		0.264209543		8.37049E-09		7.00651E-17
72.8		0.207672077		0.272941777		9.20913E-09		8.4808E-17
72.9		0.201185422		0.221642022		9.43488E-09		8.9017E-17
73		0.210200086		0.215310738		8.86894E-09		7.8658E-17
73.1		0.20749811		0.224057202		8.68887E-09		7.54965E-17
73.2		0.19706501		0.221282935		9.72061E-09		9.44903E-17
73.3		0.176443363		0.213412347		9.77706E-09		9.55909E-17
73.4		0.1915531		0.21061852		9.01954E-09		8.13522E-17
73.5		0.214404005		0.216233986		8.18115E-09		6.69312E-17
73.6		0.233846976		0.218374045		8.2568E-09		6.81748E-17
73.7		0.22717209		0.226447572		8.51121E-09		7.24407E-17
73.8		0.231804846		0.235032223		7.61835E-09		5.80392E-17
73.9		0.218281682		0.213146683		7.07298E-09		5.00271E-17
74		0.234018509		0.236554778		7.30248E-09		5.33263E-17
74.1		0.274213354		0.248514699		9.03906E-09		8.17047E-17
74.2		0.262333843		0.213004606		8.87189E-09		7.87105E-17
74.3		0.2612024		0.218200541		8.24662E-09		6.80067E-17
74.4		0.275597697		0.212391316		7.20356E-09		5.18913E-17
74.5		0.258340638		0.186246242		7.27599E-09		5.294E-17
74.6		0.256464035		0.180678668		6.60052E-09		4.35669E-17
74.7		0.25597046		0.200770587		7.52707E-09		5.66569E-17
74.8		0.235323932		0.228797183		7.261E-09		5.27221E-17
74.9		0.181283031		0.253414519		7.65419E-09		5.85866E-17
75		0.16261739		0.2406478		1.29761E-08		1.68378E-16
75.1		0.157016051		0.206118155		8.85208E-09		7.83592E-17
75.2		0.186595583		0.20805663		8.97769E-09		8.05988E-17
75.3		0.209312338		0.213534021		8.27406E-09		6.84601E-17
75.4		0.191317156		0.184925777		1.01666E-08		1.0336E-16
75.5		0.206879197		0.177278145		8.79428E-09		7.73394E-17
75.6		0.257463288		0.187392156		8.91797E-09		7.95303E-17
75.7		0.289365536		0.18955106		8.21128E-09		6.74251E-17
75.8		0.249379213		0.201809233		7.9409E-09		6.30579E-17
75.9		0.219015832		0.209176464		9.9839E-09		9.96783E-17
76		0.198312218		0.253021845		9.75504E-09		9.51608E-17
76.1		0.221476413		0.223905289		8.067E-09		6.50765E-17
76.2		0.252407423		0.207854178		8.65959E-09		7.49885E-17
76.3		0.275746652		0.210887009		9.52682E-09		9.07602E-17
76.4		0.273540748		0.21403866		1.13447E-08		1.28702E-16
76.5		0.246014642		0.225092423		1.21747E-08		1.48222E-16
76.6		0.215536315		0.20668329		9.22482E-09		8.50972E-17
76.7		0.201365116		0.189847499		8.34056E-09		6.95649E-17
76.8		0.198678948		0.18950563		8.3902E-09		7.03954E-17
76.9		0.253297844		0.209923971		8.97675E-09		8.05821E-17
77		0.219734736		0.230409399		8.28845E-09		6.86985E-17
77.1		0.208637379		0.246764762		8.68346E-09		7.54024E-17
77.2		0.193339732		0.259269191		1.03851E-08		1.07849E-16
77.3		0.194109233		0.248535268		1.16723E-08		1.36242E-16
77.4		0.179845324		0.259872115		1.41041E-08		1.98927E-16
77.5		0.192294746		0.251421769		9.91568E-09		9.83207E-17
77.6		0.208113759		0.254143659		9.25597E-09		8.56729E-17
77.7		0.249417243		0.226410566		8.82109E-09		7.78116E-17
77.8		0.279500722		0.222746384		8.29839E-09		6.88632E-17
77.9		0.258675286		0.215109899		8.47981E-09		7.19072E-17
78		0.27018179		0.227835171		8.76222E-09		7.67766E-17
78.1		0.246276917		0.257047918		9.08379E-09		8.25152E-17
78.2		0.239118161		0.311884929		8.9956E-09		8.09208E-17
78.3		0.257073504		0.311495524		9.38779E-09		8.81306E-17
78.4		0.259344097		0.259205497		9.08606E-09		8.25565E-17
78.5		0.259342816		0.258797004		9.80188E-09		9.60769E-17
78.6		0.260716432		0.259860714		1.06816E-08		1.14097E-16
78.7		0.240798707		0.238322243		9.49646E-09		9.01828E-17
78.8		0.264898794		0.237972731		9.19228E-09		8.4498E-17
78.9		0.305361799		0.226023881		8.91476E-09		7.94729E-17
79		0.273213536		0.217201996		8.38952E-09		7.03841E-17
79.1		0.243250176		0.226766657		8.31992E-09		6.92211E-17
79.2		0.245330455		0.258480799		8.35854E-09		6.98652E-17
79.3		0.246339023		0.259406649		8.39849E-09		7.05347E-17
79.4		0.244022365		0.255012193		9.52431E-09		9.07125E-17
79.5		0.215713217		0.255201267		9.31739E-09		8.68137E-17
79.6		0.193572984		0.255945807		1.27549E-08		1.62688E-16
79.7		0.19437048		0.279285903		1.27963E-08		1.63744E-16
79.8		0.233510959		0.29153526		1.54011E-08		2.37195E-16
79.9		0.22538372		0.249140184		9.50604E-09		9.03649E-17
80		0.227022486		0.261382351		1.01538E-08		1.03099E-16
80.1		0.265019411		0.246326825		9.44155E-09		8.91428E-17
80.2		0.297268232		0.256106447		9.53294E-09		9.08769E-17
80.3		0.245668725		0.249259049		9.98763E-09		9.97527E-17
80.4		0.221353474		0.279955059		1.01857E-08		1.03749E-16
80.5		0.201005785		0.300128122		1.06434E-08		1.13283E-16
80.6		0.208826654		0.302873532		1.20095E-08		1.44227E-16
80.7		0.219330982		0.282348251		1.23858E-08		1.53408E-16
80.8		0.235869194		0.283441673		1.10507E-08		1.22118E-16
80.9		0.286178856		0.266121558		1.03432E-08		1.06982E-16
81		0.276702724		0.254762182		9.54493E-09		9.11057E-17
81.1		0.248785127		0.240299825		9.6271E-09		9.2681E-17
81.2		0.243561759		0.230262405		9.53093E-09		9.08386E-17
81.3		0.228085283		0.244202591		9.21527E-09		8.49212E-17
81.4		0.240539721		0.264719792		9.2989E-09		8.64695E-17
81.5		0.223262171		0.28988179		1.01585E-08		1.03196E-16
81.6		0.205992088		0.270484738		1.08443E-08		1.17598E-16
81.7		0.197918901		0.264825697		1.03835E-08		1.07817E-16
81.8		0.20038555		0.291158473		1.09859E-08		1.2069E-16
81.9		0.197504722		0.276567616		1.25387E-08		1.5722E-16
82		0.194091841		0.293441289		1.46196E-08		2.13732E-16
82.1		0.205447442		0.270971196		1.91712E-08		3.67537E-16
82.2		0.24906657		0.243524182		1.83923E-08		3.38276E-16
82.3		0.300098759		0.25660438		1.8562E-08		3.44548E-16
82.4		0.303116651		0.280041361		1.87318E-08		3.5088E-16
82.5		0.272042573		0.273667028		1.89772E-08		3.60134E-16
82.6		0.248597284		0.270258728		1.94041E-08		3.76518E-16
82.7		0.243274282		0.288018597		2.0524E-08		4.21233E-16
82.8		0.239090446		0.278438177		2.27253E-08		5.1644E-16
82.9		0.259313855		0.306985952		1.99159E-08		3.96643E-16
83		0.265953935		0.324720246		1.91087E-08		3.65141E-16
83.1		0.259697808		0.277327201		1.95816E-08		3.83439E-16
83.2		0.25707621		0.288344461		1.74407E-08		3.04176E-16
83.3		0.283766247		0.280610266		1.74754E-08		3.05389E-16
83.4		0.287621822		0.280155587		1.72101E-08		2.96187E-16
83.5		0.259321932		0.267231497		1.65979E-08		2.75491E-16
83.6		0.235359969		0.291673428		1.22016E-08		1.48878E-16
83.7		0.235333454		0.302410104		1.16617E-08		1.35995E-16
83.8		0.206985739		0.310712718		1.36893E-08		1.87396E-16
83.9		0.216100144		0.31013724		1.31576E-08		1.73123E-16
84		0.212828792		0.298023783		1.61802E-08		2.618E-16
84.1		0.217399098		0.340191969		1.91525E-08		3.66819E-16
84.2		0.23190294		0.322221874		2.05611E-08		4.22759E-16
84.3		0.252723391		0.299604725		1.34991E-08		1.82225E-16
84.4		0.256601966		0.287868371		2.07804E-08		4.31827E-16
84.5		0.257083612		0.272513365		2.07029E-08		4.28611E-16
84.6		0.275476829		0.272388301		1.10174E-08		1.21384E-16
84.7		0.250888372		0.303658168		1.50936E-08		2.27817E-16
84.8		0.227172514		0.32138577		1.26866E-08		1.6095E-16
84.9		0.200342547		0.317355544		1.38448E-08		1.91678E-16
85		0.185668806		0.315187997		1.35319E-08		1.83113E-16
85.1		0.213046775		0.311957713		1.29492E-08		1.67682E-16
85.2		0.227083631		0.303566667		1.25909E-08		1.5853E-16
85.3		0.230679941		0.280608161		1.21839E-08		1.48447E-16
85.4		0.268188293		0.286013907		1.48929E-08		2.21799E-16
85.5		0.298628647		0.298584326		1.48639E-08		2.20937E-16
85.6		0.287345245		0.286278389		1.39314E-08		1.94083E-16
85.7		0.283889613		0.28643622		1.54493E-08		2.38682E-16
85.8		0.261567321		0.30010893		1.54764E-08		2.3952E-16
85.9		0.241627105		0.311345352		1.34683E-08		1.81394E-16
86		0.20372517		0.285753337		1.56823E-08		2.45934E-16
86.1		0.186280257		0.263572056		1.52908E-08		2.33808E-16
86.2		0.184828264		0.261652464		1.70732E-08		2.91493E-16
86.3		0.205718532		0.287246107		1.3537E-08		1.8325E-16
86.4		0.248830164		0.310401727		1.34351E-08		1.80502E-16
86.5		0.259698222		0.314910488		1.90419E-08		3.62595E-16
86.6		0.261266491		0.297980555		1.69281E-08		2.86559E-16
86.7		0.284419284		0.287007087		1.50304E-08		2.25912E-16
86.8		0.235244404		0.286748795		1.34457E-08		1.80788E-16
86.9		0.225319215		0.29552486		1.589E-08		2.52491E-16
87		0.20185219		0.294835216		1.60489E-08		2.57567E-16
87.1		0.199240348		0.297676135		1.60193E-08		2.56617E-16
87.2		0.204611287		0.276077597		1.45978E-08		2.13096E-16
87.3		0.234988488		0.269715025		1.18005E-08		1.39252E-16
87.4		0.243611965		0.276876036		1.1977E-08		1.43448E-16
87.5		0.256201574		0.288387385		1.53144E-08		2.34532E-16
87.6		0.253053796		0.28490559		1.25657E-08		1.57897E-16
87.7		0.249192713		0.284346133		1.15318E-08		1.32983E-16
87.8		0.25508715		0.280841647		1.16838E-08		1.3651E-16
87.9		0.240625788		0.287589217		1.42454E-08		2.02933E-16
88		0.215489094		0.297395709		1.54532E-08		2.38801E-16
88.1		0.197225893		0.322252554		1.82177E-08		3.31883E-16
88.2		0.205658512		0.294338542		1.33562E-08		1.78388E-16
88.3		0.199601728		0.262594842		1.33268E-08		1.77603E-16
88.4		0.207734702		0.250496746		1.40713E-08		1.98001E-16
88.5		0.218687349		0.242727271		1.40278E-08		1.96778E-16
88.6		0.258502039		0.246907307		1.51837E-08		2.30544E-16
88.7		0.31973531		0.273253504		1.45916E-08		2.12915E-16
88.8		0.305771168		0.273248353		1.69248E-08		2.86448E-16
88.9		0.255252766		0.259640502		1.68263E-08		2.83123E-16
89		0.23702477		0.278752401		1.73724E-08		3.01801E-16
89.1		0.224542261		0.296332567		1.82409E-08		3.32732E-16
89.2		0.211846923		0.286538076		1.97086E-08		3.8843E-16
89.3		0.211795628		0.287064598		2.08199E-08		4.33468E-16
89.4		0.20668399		0.246296738		1.31451E-08		1.72793E-16
89.5		0.223128678		0.231241648		1.198E-08		1.4352E-16
89.6		0.229825031		0.242562809		1.19532E-08		1.42879E-16
89.7		0.239333027		0.273565959		1.37102E-08		1.87971E-16
89.8		0.240252235		0.286880091		1.35216E-08		1.82833E-16
89.9		0.258875108		0.275640099		1.40877E-08		1.98464E-16
90		0.288344527		0.273221737		1.3781E-08		1.89915E-16
90.1		0.257998328		0.255943673		1.42883E-08		2.04155E-16
90.2		0.234080154		0.287275994		1.32414E-08		1.75334E-16
90.3		0.21710829		0.292607295		1.43063E-08		2.04671E-16
90.4		0.22413021		0.281451758		1.48637E-08		2.20929E-16
90.5		0.20546118		0.259606101		1.21334E-08		1.47218E-16
90.6		0.23236653		0.252682505		1.2702E-08		1.61342E-16
90.7		0.239665139		0.261448025		1.77855E-08		3.16325E-16
90.8		0.243210978		0.265240011		1.63079E-08		2.65949E-16
90.9		0.252059966		0.288180552		1.82321E-08		3.32409E-16
91		0.245305194		0.267816216		1.72314E-08		2.96922E-16
91.1		0.24782142		0.254870191		1.64184E-08		2.69565E-16
91.2		0.237026785		0.272441475		1.67203E-08		2.79568E-16
91.3		0.215203874		0.296060562		1.98804E-08		3.95232E-16
91.4		0.212311941		0.294114828		1.73983E-08		3.02702E-16
91.5		0.196434081		0.273891891		1.91385E-08		3.66284E-16
91.6		0.202899025		0.260001481		1.86726E-08		3.48666E-16
91.7		0.201367311		0.230067434		1.68326E-08		2.83335E-16
91.8		0.208844732		0.229057497		1.5624E-08		2.44109E-16
91.9		0.215178073		0.240854652		1.78967E-08		3.20291E-16
92		0.207980288		0.269351427		1.57327E-08		2.47517E-16
92.1		0.226614396		0.257660002		1.76363E-08		3.11041E-16
92.2		0.237285229		0.251977809		1.47007E-08		2.16112E-16
92.3		0.228485807		0.262716965		1.41889E-08		2.01324E-16
92.4		0.215852737		0.290526566		1.543E-08		2.38085E-16
92.5		0.213997748		0.291274761		1.43238E-08		2.05171E-16
92.6		0.224187996		0.260329358		1.46204E-08		2.13756E-16
92.7		0.218060454		0.241818246		1.52891E-08		2.33757E-16
92.8		0.217046364		0.240710235		1.56427E-08		2.44695E-16
92.9		0.23153102		0.248420461		1.68556E-08		2.84111E-16
93		0.248745812		0.266444308		1.92336E-08		3.69931E-16
93.1		0.274590899		0.298609844		1.87578E-08		3.51853E-16
93.2		0.260470022		0.284151039		1.8721E-08		3.50477E-16
93.3		0.211822882		0.269114183		1.90592E-08		3.63254E-16
93.4		0.19496623		0.264497141		1.90799E-08		3.64042E-16
93.5		0.198829422		0.302253726		1.80607E-08		3.26188E-16
93.6		0.204380573		0.293012194		2.13265E-08		4.54821E-16
93.7		0.213184356		0.297180234		1.82616E-08		3.33487E-16
93.8		0.235159643		0.288980378		2.56426E-08		6.57542E-16
93.9		0.238202566		0.265624953		1.94551E-08		3.785E-16
94		0.221920437		0.262758511		1.82163E-08		3.31834E-16
94.1		0.227997536		0.281836538		2.55094E-08		6.50731E-16
94.2		0.21393142		0.285915792		2.24128E-08		5.02332E-16
94.3		0.205821596		0.284368131		2.25162E-08		5.06978E-16
94.4		0.204758878		0.28305645		2.2974E-08		5.27804E-16
94.5		0.237450563		0.284044673		2.48329E-08		6.16672E-16
94.6		0.256349219		0.296326644		2.10211E-08		4.41888E-16
94.7		0.244442602		0.29850239		2.00267E-08		4.01067E-16
94.8		0.221559146		0.310240985		2.40874E-08		5.80202E-16
94.9		0.219025545		0.2838605		2.53752E-08		6.439E-16
95		0.242232086		0.271212112		2.41225E-08		5.81895E-16
95.1		0.254578652		0.25875902		4.19385E-08		1.75884E-15
95.2		0.25465776		0.266218286		3.58072E-08		1.28215E-15
95.3		0.231912933		0.275200776		3.81896E-08		1.45845E-15
95.4		0.209523183		0.265233707		2.92386E-08		8.54896E-16
95.5		0.197725304		0.271556052		2.73888E-08		7.50148E-16
95.6		0.212251654		0.274222807		2.93948E-08		8.64052E-16
95.7		0.209126759		0.299589198		2.89769E-08		8.39663E-16
95.8		0.201871069		0.295706388		2.72147E-08		7.40639E-16
95.9		0.214652079		0.289117658		2.26923E-08		5.14941E-16
96		0.189906054		0.26181166		2.21542E-08		4.90807E-16
96.1		0.191034846		0.256964847		2.88298E-08		8.31155E-16
96.2		0.192101156		0.255205699		2.92277E-08		8.54261E-16
96.3		0.195102247		0.284048538		3.04909E-08		9.29698E-16
96.4		0.210202081		0.322893673		2.877E-08		8.27711E-16
96.5		0.220567384		0.288132479		2.66558E-08		7.10534E-16
96.6		0.244743537		0.254046232		2.82813E-08		7.99834E-16
96.7		0.251828543		0.255814487		2.09452E-08		4.38702E-16
96.8		0.247053618		0.316142634		2.25862E-08		5.10137E-16
96.9		0.241905277		0.304199544		2.67985E-08		7.1816E-16
97		0.230031043		0.308300676		3.07318E-08		9.44444E-16
97.1		0.191861042		0.274717167		3.15746E-08		9.96956E-16
97.2		0.180750714		0.292505941		2.38003E-08		5.66456E-16
97.3		0.193582708		0.269657595		3.18732E-08		1.0159E-15
97.4		0.201322419		0.273283666		3.08403E-08		9.51123E-16
97.5		0.216530827		0.300961387		2.7801E-08		7.72897E-16
97.6		0.227706979		0.31250142		3.05332E-08		9.32279E-16
97.7		0.183196044		0.284633622		3.02286E-08		9.13766E-16
97.8		0.173936317		0.277773346		2.86173E-08		8.1895E-16
97.9		0.195794524		0.313464545		2.37045E-08		5.61905E-16
98		0.194504524		0.327543919		2.36572E-08		5.59662E-16
98.1		0.206742541		0.311293635		2.5667E-08		6.58794E-16
98.2		0.191952036		0.272228766		1.95454E-08		3.82022E-16
98.3		0.180622855		0.256522387		2.28272E-08		5.2108E-16
98.4		0.189925492		0.269446181		2.34255E-08		5.48756E-16
98.5		0.214400665		0.284978015		2.53933E-08		6.44819E-16
98.6		0.213512659		0.294587483		2.37768E-08		5.65336E-16
98.7		0.213137461		0.301314142		2.66139E-08		7.08299E-16
98.8		0.194989539		0.320815691		3.40205E-08		1.15739E-15
98.9		0.214975395		0.286348827		2.75272E-08		7.57747E-16
99		0.229846677		0.295679056		2.50915E-08		6.29582E-16
99.1		0.206031383		0.314879299		2.8991E-08		8.40476E-16
99.2		0.210885839		0.329988001		3.59634E-08		1.29336E-15
99.3		0.212049441		0.297629141		3.37836E-08		1.14133E-15
99.4		0.206141863		0.260514564		2.73983E-08		7.50669E-16
99.5		0.202552773		0.266962162		2.59024E-08		6.70933E-16
99.6		0.232223934		0.271234707		3.23468E-08		1.04631E-15
99.7		0.235055531		0.292295874		2.85267E-08		8.13774E-16
99.8		0.208191376		0.291295705		2.64009E-08		6.97006E-16
99.9		0.181952004		0.273607409		2.48097E-08		6.15521E-16
