0.0, 5109.2, 5100.0
0.2, 5103.806, 5102.859
0.4, 5112.723, 5111.155
0.6, 5123.364, 5122.292
0.8, 5130.676, 5129.991
1.0, 5134.489, 5132.653
1.2, 5134.95, 5134.375
1.4, 5133.077, 5133.633
1.6, 5123.15, 5123.217
1.8, 5108.314, 5107.015
2.0, 5101.309, 5099.859
2.2, 5105.698, 5106.138
2.4, 5114.305, 5114.356
2.6, 5116.457, 5115.757
2.8, 5118.466, 5117.671
3.0, 5129.442, 5129.246
3.2, 5142.501, 5143.013
3.4, 5143.448, 5142.808
3.6, 5130.866, 5129.881
3.8, 5120.91, 5120.706
4.0, 5119.918, 5119.918
4.2, 5116.066, 5116.066
4.4, 5106.445, 5106.445
4.6, 5103.709, 5103.709
4.8, 5114.449, 5114.449
5.0, 5126.694, 5126.694
5.2, 5128.198, 5128.198
5.4, 5127.849, 5127.849
5.6, 5136.837, 5136.837
5.8, 5143.111, 5143.111
6.0, 5132.636, 5132.636
6.2, 5119.296, 5119.297
6.4, 5118.325, 5118.325
6.6, 5119.045, 5119.045
6.8, 5111.662, 5111.662
7.0, 5108.759, 5108.759
7.2, 5119.512, 5119.512
7.4, 5133.944, 5133.944
7.6, 5139.653, 5139.653
7.8, 5134.696, 5134.696
8.0, 5127.256, 5127.257
8.2, 5126.125, 5126.125
8.4, 5127.237, 5127.237
8.6, 5118.994, 5118.994
8.8, 5108.326, 5108.326
9.0, 5113.823, 5113.824
9.2, 5130.864, 5130.864
9.4, 5134.308, 5134.308
9.6, 5123.629, 5123.629
9.8, 5122.944, 5122.944
10.0, 5134.75, 5134.75
10.2, 5137.784, 5137.784
10.4, 5128.356, 5128.357
10.6, 5122.518, 5122.519
10.8, 5123.464, 5123.464
11.0, 5119.99, 5119.99
11.2, 5110.946, 5110.947
11.4, 5109.209, 5109.209
11.6, 5119.902, 5119.902
11.8, 5131.773, 5131.773
12.0, 5133.53, 5133.529
12.2, 5130.649, 5130.65
12.4, 5133.58, 5133.58
12.6, 5137.794, 5137.794
12.8, 5130.406, 5130.407
13.0, 5114.678, 5114.678
13.2, 5108.5, 5108.5
13.4, 5117.29, 5117.292
13.6, 5125.922, 5125.923
13.8, 5122.376, 5122.376
14.0, 5116.829, 5116.83
14.2, 5121.997, 5121.997
14.4, 5129.684, 5129.683
14.6, 5127.154, 5127.154
14.8, 5122.146, 5122.146
15.0, 5124.509, 5124.51
15.2, 5126.975, 5126.976
15.4, 5122.277, 5122.279
15.6, 5117.232, 5117.233
15.8, 5118.599, 5118.6
16.0, 5122.141, 5122.141
16.2, 5120.789, 5120.789
16.4, 5116.308, 5116.309
16.6, 5117.545, 5117.545
16.8, 5125.193, 5125.194
17.0, 5129.37, 5129.371
17.2, 5123.63, 5123.631
17.4, 5114.856, 5114.857
17.6, 5112.865, 5112.866
17.8, 5116.599, 5116.601
18.0, 5117.13, 5117.131
18.2, 5114.174, 5114.175
18.4, 5115.156, 5115.157
18.6, 5121.326, 5121.326
18.8, 5124.979, 5124.979
19.0, 5121.177, 5121.177
19.2, 5116.388, 5116.388
19.4, 5117.973, 5117.973
19.6, 5120.444, 5120.446
19.8, 5115.21, 5115.212
20.0, 5109.443, 5109.446
20.2, 5112.579, 5112.581
20.4, 5116.297, 5116.297
20.6, 5110.046, 5110.046
20.8, 5103.475, 5103.475
21.0, 5108.392, 5108.391
21.2, 5116.917, 5116.917
21.4, 5117.819, 5117.82
21.6, 5116.106, 5116.107
21.8, 5118.449, 5118.451
22.0, 5119.916, 5119.917
22.2, 5115.621, 5115.623
22.4, 5108.298, 5108.299
22.6, 5103.64, 5103.64
22.8, 5104.367, 5104.368
23.0, 5107.325, 5107.327
23.2, 5105.629, 5105.63
23.4, 5101.415, 5101.415
23.6, 5104.283, 5104.283
23.8, 5113.124, 5113.125
24.0, 5116.033, 5116.034
24.2, 5110.553, 5110.554
24.4, 5105.964, 5105.966
24.6, 5106.991, 5106.993
24.8, 5108.013, 5108.015
25.0, 5103.807, 5103.808
25.2, 5099.435, 5099.436
25.4, 5099.731, 5099.731
25.6, 5100.347, 5100.348
25.8, 5099.239, 5099.24
26.0, 5103.251, 5103.252
26.2, 5109.76, 5109.762
26.4, 5108.286, 5108.288
26.6, 5101.194, 5101.195
26.8, 5098.591, 5098.592
27.0, 5100.216, 5100.216
27.2, 5099.335, 5099.336
27.4, 5092.645, 5092.646
27.6, 5085.124, 5085.125
27.8, 5087.35, 5087.351
28.0, 5099.53, 5099.532
28.2, 5108.249, 5108.251
28.4, 5106.423, 5106.424
28.6, 5102.654, 5102.655
28.8, 5102.467, 5102.468
29.0, 5099.687, 5099.688
29.2, 5091.424, 5091.426
29.4, 5085.411, 5085.412
29.6, 5083.659, 5083.66
29.8, 5080.766, 5080.767
30.0, 5079.65, 5079.651
30.2, 5086.905, 5086.905
30.4, 5096.558, 5096.559
30.6, 5099.014, 5099.015
30.8, 5097.673, 5097.674
31.0, 5098.675, 5098.676
31.2, 5099.491, 5099.492
31.4, 5095.428, 5095.43
31.6, 5085.463, 5085.464
31.8, 5073.547, 5073.547
32.0, 5069.562, 5069.562
32.2, 5075.989, 5075.99
32.4, 5082.63, 5082.632
32.6, 5084.526, 5084.526
32.8, 5088.331, 5088.331
33.0, 5094.65, 5094.65
33.2, 5095.626, 5095.627
33.4, 5089.996, 5089.996
33.6, 5083.229, 5083.229
33.8, 5078.158, 5078.158
34.0, 5072.971, 5072.971
34.2, 5068.888, 5068.889
34.4, 5070.013, 5070.014
34.6, 5075.932, 5075.932
34.8, 5080.614, 5080.616
35.0, 5084.379, 5084.379
35.2, 5091.301, 5091.301
35.4, 5095.329, 5095.33
35.6, 5088.491, 5088.492
35.8, 5076.336, 5076.338
36.0, 5067.36, 5067.36
36.2, 5062.254, 5062.255
36.4, 5060.633, 5060.634
36.6, 5061.683, 5061.683
36.8, 5065.011, 5065.012
37.0, 5074.117, 5074.118
37.2, 5088.371, 5088.371
37.4, 5094.762, 5094.764
37.6, 5087.626, 5087.628
37.8, 5080.122, 5080.123
38.0, 5079.306, 5079.307
38.2, 5073.637, 5073.639
38.4, 5059.951, 5059.952
38.6, 5051.728, 5051.73
38.8, 5054.697, 5054.699
39.0, 5060.192, 5060.193
39.2, 5064.389, 5064.39
39.4, 5073.933, 5073.935
39.6, 5086.659, 5086.66
39.8, 5090.733, 5090.734
40.0, 5083.987, 5083.989
40.2, 5075.348, 5075.35
40.4, 5068.99, 5068.992
40.6, 5062.904, 5062.905
40.8, 5054.371, 5054.372
41.0, 5045.885, 5045.887
41.2, 5049.736, 5049.738
41.4, 5070.09, 5070.091
41.6, 5085.526, 5085.527
41.8, 5080.429, 5080.431
42.0, 5074.152, 5074.156
42.2, 5080.872, 5080.874
42.4, 5081.378, 5081.378
42.6, 5063.526, 5063.527
42.8, 5047.089, 5047.091
43.0, 5047.207, 5047.209
43.2, 5054.746, 5054.746
43.4, 5057.728, 5057.728
43.6, 5061.104, 5061.107
43.8, 5073.787, 5073.79
44.0, 5087.185, 5087.186
44.2, 5086.993, 5086.993
44.4, 5078.437, 5078.439
44.6, 5073.303, 5073.307
44.8, 5067.992, 5067.994
45.0, 5056.912, 5056.911
45.2, 5043.259, 5043.26
45.4, 5036.516, 5036.518
45.6, 5046.47, 5046.472
45.8, 5066.709, 5066.708
46.0, 5074.916, 5074.916
46.2, 5073.247, 5073.249
46.4, 5083.988, 5083.992
46.6, 5096.821, 5096.821
46.8, 5084.227, 5084.226
47.0, 5057.687, 5057.689
47.2, 5046.308, 5046.311
47.4, 5049.941, 5049.941
47.6, 5050.784, 5050.781
47.8, 5046.421, 5046.42
48.0, 5051.131, 5051.133
48.2, 5069.19, 5069.192
48.4, 5084.615, 5084.614
48.6, 5083.762, 5083.761
48.8, 5075.623, 5075.625
49.0, 5072.431, 5072.434
49.2, 5069.931, 5069.93
49.4, 5059.102, 5059.1
49.6, 5044.437, 5044.437
49.8, 5041.363, 5041.364
50.0, 5052.885, 5052.885
50.2, 5061.963, 5061.961
50.4, 5062.824, 5062.824
50.6, 5072.235, 5072.237
50.8, 5089.092, 5089.094
51.0, 5090.611, 5090.611
51.2, 5074.198, 5074.197
51.4, 5058.055, 5058.057
51.6, 5049.915, 5049.917
51.8, 5046.81, 5046.81
52.0, 5044.444, 5044.442
52.2, 5041.511, 5041.511
52.4, 5046.71, 5046.712
52.6, 5067.702, 5067.703
52.8, 5090.021, 5090.02
53.0, 5091.843, 5091.843
53.2, 5078.277, 5078.28
53.4, 5070.983, 5070.987
53.6, 5071.528, 5071.529
53.8, 5061.086, 5061.085
54.0, 5038.963, 5038.964
54.2, 5030.819, 5030.821
54.4, 5045.884, 5045.884
54.6, 5059.229, 5059.227
54.8, 5059.936, 5059.937
55.0, 5067.806, 5067.81
55.2, 5084.669, 5084.672
55.4, 5088.668, 5088.669
55.6, 5077.855, 5077.856
55.8, 5066.831, 5066.833
56.0, 5058.98, 5058.982
56.2, 5052.439, 5052.439
56.4, 5045.212, 5045.213
56.6, 5038.053, 5038.056
56.8, 5043.675, 5043.678
57.0, 5066.957, 5066.959
57.2, 5085.065, 5085.067
57.4, 5081.522, 5081.524
57.6, 5073.901, 5073.904
57.8, 5078.749, 5078.752
58.0, 5080.384, 5080.386
58.2, 5060.134, 5060.136
58.4, 5035.283, 5035.286
58.6, 5034.395, 5034.397
58.8, 5052.841, 5052.842
59.0, 5064.811, 5064.812
59.2, 5066.118, 5066.12
59.4, 5072.717, 5072.72
59.6, 5087.134, 5087.137
59.8, 5092.583, 5092.586
60.0, 5082.001, 5082.005
60.2, 5068.289, 5068.292
60.4, 5061.151, 5061.152
60.6, 5054.768, 5054.769
60.8, 5044.399, 5044.401
61.0, 5040.71, 5040.712
61.2, 5053.53, 5053.532
61.4, 5071.531, 5071.534
61.6, 5078.356, 5078.359
61.8, 5080.548, 5080.552
62.0, 5091.09, 5091.091
62.2, 5099.99, 5099.991
62.4, 5088.769, 5088.772
62.6, 5064.269, 5064.272
62.8, 5049.057, 5049.059
63.0, 5050.016, 5050.017
63.2, 5055.707, 5055.709
63.4, 5058.105, 5058.108
63.6, 5063.106, 5063.108
63.8, 5077.7, 5077.701
64.0, 5093.851, 5093.852
64.2, 5097.331, 5097.334
64.4, 5089.341, 5089.344
64.6, 5079.993, 5079.994
64.8, 5072.054, 5072.055
65.0, 5065.17, 5065.172
65.2, 5059.496, 5059.498
65.4, 5057.165, 5057.165
65.6, 5063.353, 5063.352
65.8, 5074.653, 5074.654
66.0, 5083.296, 5083.299
66.2, 5091.053, 5091.054
66.4, 5098.196, 5098.196
66.6, 5097.087, 5097.088
66.8, 5087.683, 5087.685
67.0, 5076.774, 5076.775
67.2, 5066.337, 5066.336
67.4, 5059.273, 5059.272
67.6, 5058.956, 5058.957
67.8, 5063.308, 5063.311
68.0, 5072.292, 5072.292
68.2, 5088.629, 5088.627
68.4, 5104.313, 5104.313
68.6, 5107.63, 5107.632
68.8, 5100.734, 5100.734
69.0, 5092.289, 5092.288
69.2, 5083.613, 5083.613
69.4, 5073.916, 5073.917
69.6, 5064.636, 5064.637
69.8, 5059.714, 5059.713
70.0, 5065.699, 5065.696
70.2, 5080.521, 5080.52
70.4, 5092.735, 5092.735
70.6, 5097.062, 5097.062
70.8, 5098.968, 5098.967
71.0, 5102.024, 5102.024
71.2, 5102.155, 5102.156
71.4, 5094.806, 5094.805
71.6, 5083.05, 5083.047
71.8, 5073.907, 5073.905
72.0, 5070.777, 5070.777
72.2, 5072.816, 5072.816
72.4, 5080.023, 5080.022
72.6, 5090.942, 5090.94
72.8, 5100.182, 5100.181
73.0, 5106.057, 5106.057
73.2, 5109.456, 5109.454
73.4, 5106.523, 5106.52
73.6, 5094.892, 5094.891
73.8, 5081.218, 5081.218
74.0, 5073.457, 5073.456
74.2, 5074.105, 5074.103
74.4, 5082.074, 5082.071
74.6, 5094.262, 5094.261
74.8, 5103.538, 5103.537
75.0, 5106.233, 5106.231
75.2, 5108.572, 5108.57
75.4, 5111.619, 5111.618
75.6, 5107.17, 5107.17
75.8, 5097.217, 5097.216
76.0, 5091.737, 5091.734
76.2, 5088.511, 5088.508
76.4, 5083.436, 5083.433
76.6, 5082.474, 5082.471
76.8, 5089.158, 5089.154
77.0, 5097.331, 5097.329
77.2, 5103.913, 5103.913
77.4, 5113.18, 5113.18
77.6, 5123.196, 5123.194
77.8, 5123.039, 5123.036
78.0, 5110.942, 5110.94
78.2, 5098.147, 5098.146
78.4, 5090.503, 5090.5
78.6, 5086.131, 5086.127
78.8, 5086.713, 5086.71
79.0, 5095.269, 5095.268
79.2, 5106.356, 5106.355
79.4, 5113.754, 5113.751
79.6, 5117.329, 5117.326
79.8, 5117.539, 5117.537
80.0, 5114.344, 5114.344
80.2, 5109.782, 5109.78
80.4, 5104.867, 5104.863
80.6, 5100.227, 5100.225
80.8, 5099.598, 5099.596
81.0, 5103.744, 5103.74
81.2, 5107.469, 5107.464
81.4, 5108.804, 5108.803
81.6, 5112.39, 5112.39
81.8, 5117.707, 5117.705
82.0, 5118.676, 5118.674
82.2, 5116.819, 5116.819
82.4, 5118.288, 5118.288
82.6, 5116.72, 5116.718
82.8, 5106.526, 5106.522
83.0, 5098.969, 5098.964
83.2, 5100.645, 5100.643
83.4, 5105.796, 5105.795
83.6, 5112.175, 5112.172
83.8, 5119.192, 5119.189
84.0, 5124.666, 5124.665
84.2, 5130.508, 5130.509
84.4, 5132.885, 5132.884
84.6, 5125.274, 5125.27
84.8, 5112.46, 5112.457
85.0, 5104.783, 5104.782
85.2, 5105.765, 5105.762
85.4, 5111.164, 5111.16
85.6, 5114.28, 5114.276
85.8, 5116.837, 5116.836
86.0, 5124.21, 5124.209
86.2, 5127.873, 5127.87
86.4, 5121.355, 5121.352
86.6, 5118.935, 5118.934
86.8, 5125.746, 5125.746
87.0, 5126.811, 5126.808
87.2, 5123.859, 5123.855
87.4, 5125.735, 5125.733
87.6, 5123.464, 5123.462
87.8, 5115.743, 5115.74
88.0, 5115.102, 5115.099
88.2, 5119.448, 5119.446
88.4, 5122.004, 5122.004
88.6, 5126.643, 5126.644
88.8, 5132.55, 5132.548
89.0, 5133.22, 5133.217
89.2, 5128.92, 5128.918
89.4, 5123.691, 5123.69
89.6, 5119.131, 5119.128
89.8, 5117.148, 5117.144
90.0, 5120.515, 5120.512
90.2, 5129.713, 5129.712
90.4, 5136.572, 5136.571
90.6, 5135.048, 5135.046
90.8, 5132.206, 5132.204
91.0, 5130.838, 5130.837
91.2, 5124.731, 5124.731
91.4, 5121.587, 5121.585
91.6, 5130.297, 5130.295
91.8, 5134.893, 5134.891
92.0, 5126.633, 5126.632
92.2, 5123.969, 5123.968
92.4, 5132.334, 5132.331
92.6, 5133.651, 5133.649
92.8, 5124.601, 5124.6
93.0, 5121.261, 5121.261
93.2, 5130.357, 5130.356
93.4, 5141.009, 5141.007
93.6, 5143.557, 5143.556
93.8, 5139.388, 5139.388
94.0, 5133.51, 5133.51
94.2, 5129.09, 5129.087
94.4, 5127.974, 5127.971
94.6, 5128.75, 5128.75
94.8, 5126.796, 5126.796
95.0, 5126.317, 5126.315
95.2, 5133.414, 5133.411
95.4, 5137.601, 5137.601
95.6, 5131.414, 5131.416
95.8, 5130.32, 5130.319
96.0, 5137.904, 5137.901
96.2, 5137.806, 5137.804
96.4, 5132.844, 5132.844
96.6, 5137.427, 5137.427
96.8, 5144.197, 5144.195
97.0, 5139.562, 5139.56
97.2, 5128.02, 5128.021
97.4, 5121.418, 5121.419
97.6, 5124.84, 5124.838
97.8, 5133.059, 5133.056
98.0, 5136.815, 5136.815
98.2, 5135.901, 5135.903
98.4, 5138.456, 5138.456
98.6, 5144.373, 5144.372
98.8, 5143.092, 5143.091
99.0, 5130.974, 5130.975
99.2, 5121.418, 5121.417
99.4, 5126.463, 5126.46
99.6, 5135.617, 5135.615
99.8, 5134.382, 5134.384
100.0, 5131.129, 5131.131
100.2, 5138.06, 5138.059
100.4, 5145.087, 5145.086
100.6, 5142.129, 5142.13
100.8, 5135.78, 5135.781
101.0, 5132.399, 5132.398
101.2, 5132.374, 5132.372
101.4, 5133.677, 5133.676
101.6, 5128.824, 5128.826
101.8, 5119.374, 5119.375
102.0, 5121.42, 5121.419
102.2, 5136.048, 5136.048
102.4, 5141.754, 5141.755
102.6, 5134.817, 5134.818
102.8, 5137.514, 5137.515
103.0, 5150.926, 5150.926
103.2, 5149.842, 5149.843
103.4, 5132.057, 5132.058
103.6, 5122.275, 5122.275
103.8, 5125.588, 5125.587
104.0, 5124.352, 5124.352
104.2, 5115.691, 5115.692
104.4, 5117.24, 5117.24
104.6, 5133.442, 5133.442
104.8, 5146.751, 5146.753
105.0, 5145.12, 5145.122
105.2, 5137.365, 5137.365
105.4, 5135.693, 5135.692
105.6, 5137.485, 5137.486
105.8, 5131.839, 5131.841
106.0, 5117.305, 5117.306
106.2, 5108.798, 5108.798
106.4, 5119.866, 5119.867
106.6, 5137.361, 5137.363
106.8, 5135.939, 5135.942
107.0, 5125.616, 5125.617
107.2, 5133.054, 5133.054
107.4, 5144.517, 5144.518
107.6, 5135.619, 5135.621
107.8, 5123.836, 5123.838
108.0, 5123.956, 5123.956
108.2, 5119.753, 5119.754
108.4, 5110.42, 5110.423
108.6, 5110.318, 5110.319
108.8, 5118.268, 5118.267
109.0, 5127.901, 5127.903
109.2, 5136.895, 5136.898
109.4, 5140.063, 5140.065
109.6, 5139.149, 5139.148
109.8, 5138.264, 5138.265
110.0, 5131.563, 5131.565
110.2, 5115.252, 5115.253
110.4, 5099.606, 5099.605
110.6, 5098.186, 5098.187
110.8, 5109.662, 5109.665
111.0, 5117.079, 5117.083
111.2, 5117.315, 5117.315
111.4, 5127.438, 5127.437
111.6, 5142.42, 5142.421
111.8, 5140.059, 5140.061
112.0, 5127.061, 5127.062
112.2, 5123.311, 5123.31
112.4, 5119.915, 5119.916
112.6, 5106.477, 5106.48
112.8, 5097.041, 5097.044
113.0, 5101.167, 5101.166
113.2, 5109.172, 5109.171
113.4, 5114.918, 5114.919
113.6, 5122.988, 5122.989
113.8, 5131.894, 5131.893
114.0, 5134.376, 5134.375
114.2, 5128.606, 5128.607
114.4, 5118.333, 5118.334
114.6, 5106.927, 5106.927
114.8, 5100.372, 5100.37
115.0, 5100.517, 5100.518
115.2, 5098.827, 5098.829
115.4, 5097.158, 5097.158
115.6, 5111.132, 5111.13
115.8, 5132.264, 5132.263
116.0, 5135.232, 5135.233
116.2, 5125.021, 5125.02
116.4, 5121.908, 5121.905
116.6, 5121.159, 5121.157
116.8, 5108.013, 5108.013
117.0, 5088.831, 5088.832
117.2, 5080.799, 5080.798
117.4, 5089.254, 5089.252
117.6, 5101.778, 5101.777
117.8, 5109.706, 5109.705
118.0, 5119.828, 5119.828
118.2, 5132.05, 5132.049
118.4, 5134.58, 5134.578
118.6, 5125.366, 5125.365
118.8, 5111.941, 5111.94
119.0, 5100.401, 5100.399
119.2, 5094.243, 5094.241
119.4, 5088.04, 5088.039
119.6, 5081.268, 5081.267
119.8, 5088.475, 5088.473
120.0, 5108.099, 5108.098
120.2, 5117.666, 5117.664
120.4, 5117.975, 5117.974
120.6, 5124.474, 5124.47
120.8, 5128.841, 5128.838
121.0, 5118.84, 5118.838
121.2, 5102.093, 5102.092
121.4, 5088.153, 5088.151
121.6, 5080.372, 5080.369
121.8, 5082.257, 5082.255
122.0, 5092.307, 5092.305
122.2, 5103.59, 5103.587
122.4, 5113.61, 5113.608
122.6, 5124.686, 5124.683
122.8, 5131.525, 5131.522
123.0, 5125.184, 5125.181
123.2, 5107.992, 5107.99
123.4, 5092.226, 5092.224
123.6, 5083.532, 5083.53
123.8, 5079.529, 5079.525
124.0, 5082.907, 5082.904
124.2, 5094.384, 5094.382
124.4, 5105.19, 5105.187
124.6, 5113.686, 5113.683
124.8, 5125.375, 5125.374
125.0, 5132.978, 5132.977
125.2, 5125.165, 5125.16
125.4, 5110.26, 5110.255
125.6, 5102.091, 5102.09
125.8, 5093.178, 5093.178
126.0, 5076.933, 5076.929
126.2, 5071.183, 5071.178
126.4, 5087.31, 5087.307
126.6, 5104.214, 5104.213
126.8, 5109.553, 5109.55
127.0, 5122.467, 5122.461
127.2, 5141.22, 5141.216
127.4, 5137.973, 5137.973
127.6, 5115.605, 5115.605
127.8, 5098.378, 5098.374
128.0, 5089.087, 5089.083
128.2, 5083.32, 5083.319
128.4, 5081.924, 5081.922
128.6, 5086.716, 5086.71
128.8, 5102.214, 5102.208
129.0, 5122.127, 5122.126
129.2, 5130.676, 5130.678
129.4, 5128.744, 5128.741
129.6, 5124.375, 5124.368
129.8, 5117.953, 5117.95
130.0, 5108.872, 5108.874
130.2, 5095.135, 5095.134
130.4, 5082.23, 5082.224
130.6, 5084.573, 5084.569
130.8, 5098.08, 5098.082
131.0, 5106.221, 5106.221
131.2, 5115.647, 5115.641
131.4, 5131.708, 5131.702
131.6, 5138.135, 5138.135
131.8, 5133.814, 5133.816
132.0, 5127.13, 5127.128
132.2, 5110.435, 5110.43
132.4, 5090.227, 5090.225
132.6, 5083.536, 5083.538
132.8, 5083.076, 5083.074
133.0, 5087.344, 5087.338
133.2, 5106.01, 5106.005
133.4, 5125.463, 5125.464
133.6, 5135.082, 5135.085
133.8, 5143.59, 5143.588
134.0, 5143.699, 5143.694
134.2, 5127.184, 5127.182
134.4, 5108.713, 5108.714
134.6, 5096.925, 5096.924
134.8, 5088.969, 5088.964
135.0, 5086.97, 5086.967
135.2, 5091.252, 5091.254
135.4, 5103.657, 5103.658
135.6, 5124.907, 5124.903
135.8, 5136.388, 5136.383
136.0, 5132.751, 5132.75
136.2, 5134.52, 5134.521
136.4, 5137.099, 5137.097
136.6, 5120.369, 5120.365
136.8, 5097.631, 5097.63
137.0, 5089.366, 5089.369
137.2, 5092.22, 5092.22
137.4, 5098.732, 5098.726
137.6, 5105.81, 5105.804
137.8, 5114.815, 5114.817
138.0, 5132.549, 5132.552
138.2, 5150.56, 5150.557
138.4, 5146.698, 5146.692
138.6, 5122.631, 5122.63
138.8, 5104.769, 5104.772
139.0, 5104.087, 5104.086
139.2, 5101.348, 5101.342
139.4, 5085.571, 5085.567
139.6, 5081.813, 5081.815
139.8, 5107.259, 5107.261
140.0, 5136.311, 5136.309
140.2, 5142.18, 5142.176
140.4, 5135.507, 5135.506
140.6, 5134.72, 5134.719
140.8, 5137.578, 5137.574
141.0, 5127.427, 5127.424
141.2, 5099.46, 5099.461
141.4, 5079.156, 5079.158
141.6, 5087.198, 5087.197
141.8, 5103.777, 5103.774
142.0, 5106.313, 5106.313
142.2, 5109.011, 5109.012
142.4, 5129.742, 5129.737
142.6, 5154.697, 5154.691
142.8, 5152.413, 5152.412
143.0, 5123.249, 5123.253
143.2, 5107.299, 5107.3
143.4, 5115.11, 5115.107
143.6, 5108.997, 5108.995
143.8, 5083.463, 5083.463
144.0, 5080.438, 5080.438
144.2, 5109.719, 5109.716
144.4, 5135.411, 5135.409
144.6, 5134.442, 5134.444
144.8, 5122.763, 5122.766
145.0, 5128.865, 5128.863
145.2, 5146.701, 5146.698
145.4, 5134.976, 5134.975
145.6, 5095.548, 5095.549
145.8, 5080.062, 5080.06
146.0, 5099.16, 5099.159
146.2, 5112.674, 5112.677
146.4, 5103.026, 5103.03
146.6, 5100.622, 5100.621
146.8, 5129.962, 5129.958
147.0, 5161.496, 5161.495
147.2, 5150.612, 5150.613
147.4, 5118.925, 5118.925
147.6, 5112.353, 5112.352
147.8, 5115.928, 5115.93
148.0, 5096.871, 5096.874
148.2, 5074.834, 5074.837
148.4, 5085.091, 5085.091
148.6, 5118.756, 5118.753
148.8, 5135.047, 5135.045
149.0, 5123.508, 5123.51
149.2, 5121.862, 5121.865
149.4, 5144.843, 5144.844
149.6, 5149.58, 5149.58
149.8, 5116.551, 5116.551
150.0, 5090.148, 5090.15
150.2, 5097.757, 5097.758
150.4, 5111.38, 5111.379
150.6, 5103.096, 5103.097
150.8, 5086.533, 5086.534
151.0, 5094.001, 5094.003
151.2, 5128.019, 5128.023
151.4, 5149.491, 5149.492
151.6, 5136.14, 5136.138
151.8, 5120.195, 5120.193
152.0, 5123.103, 5123.104
152.2, 5119.55, 5119.552
152.4, 5095.276, 5095.277
152.6, 5075.579, 5075.581
152.8, 5085.218, 5085.221
153.0, 5111.489, 5111.49
153.2, 5121.998, 5121.997
153.4, 5117.325, 5117.324
153.6, 5125.891, 5125.892
153.8, 5140.339, 5140.339
154.0, 5130.186, 5130.184
154.2, 5104.809, 5104.811
154.4, 5092.303, 5092.307
154.6, 5095.051, 5095.053
154.8, 5098.62, 5098.618
155.0, 5095.708, 5095.705
155.2, 5092.851, 5092.851
155.4, 5101.397, 5101.399
155.6, 5120.994, 5120.996
155.8, 5133.652, 5133.651
156.0, 5126.428, 5126.427
156.2, 5114.678, 5114.68
156.4, 5115.977, 5115.979
156.6, 5116.241, 5116.239
156.8, 5097.99, 5097.989
157.0, 5076.445, 5076.446
157.2, 5075.896, 5075.897
157.4, 5093.313, 5093.314
157.6, 5108.776, 5108.776
157.8, 5111.535, 5111.534
158.0, 5112.854, 5112.855
158.2, 5124.194, 5124.192
158.4, 5131.583, 5131.581
158.6, 5117.893, 5117.895
158.8, 5095.143, 5095.145
159.0, 5083.314, 5083.313
159.2, 5084.736, 5084.736
159.4, 5092.451, 5092.455
159.6, 5095.769, 5095.771
159.8, 5096.14, 5096.138
160.0, 5106.182, 5106.179
160.2, 5117.996, 5117.995
160.4, 5114.857, 5114.858
160.6, 5107.737, 5107.739
160.8, 5107.417, 5107.417
161.0, 5102.769, 5102.767
161.2, 5092.715, 5092.716
161.4, 5084.9, 5084.902
161.6, 5081.516, 5081.515
161.8, 5087.402, 5087.4
162.0, 5097.953, 5097.953
162.2, 5099.915, 5099.917
162.4, 5101.757, 5101.758
162.6, 5116.162, 5116.162
162.8, 5126.16, 5126.158
163.0, 5111.192, 5111.19
163.2, 5086.882, 5086.881
163.4, 5077.507, 5077.508
163.6, 5079.883, 5079.883
163.8, 5080.358, 5080.361
164.0, 5079.341, 5079.343
164.2, 5088.026, 5088.024
164.4, 5102.444, 5102.442
164.6, 5106.153, 5106.151
164.8, 5104.117, 5104.116
165.0, 5107.226, 5107.224
165.2, 5101.399, 5101.397
165.4, 5087.474, 5087.475
165.6, 5085.86, 5085.862
165.8, 5087.438, 5087.438
166.0, 5078.37, 5078.368
166.2, 5073.131, 5073.129
166.4, 5079.618, 5079.617
166.6, 5086.897, 5086.896
166.8, 5091.023, 5091.022
167.0, 5095.642, 5095.642
167.2, 5099.585, 5099.583
167.4, 5099.144, 5099.141
167.6, 5093.591, 5093.589
167.8, 5083.951, 5083.953
168.0, 5071.795, 5071.794
168.2, 5065.011, 5065.009
168.4, 5071.228, 5071.227
168.6, 5082.084, 5082.084
168.8, 5084.124, 5084.124
169.0, 5085.197, 5085.196
169.2, 5095.407, 5095.403
169.4, 5099.722, 5099.716
169.6, 5086.918, 5086.917
169.8, 5074.954, 5074.955
170.0, 5075.212, 5075.211
170.2, 5072.88, 5072.877
170.4, 5064.613, 5064.611
170.6, 5067.079, 5067.079
170.8, 5081.089, 5081.089
171.0, 5087.276, 5087.269
171.2, 5081.534, 5081.529
171.4, 5077.409, 5077.41
171.6, 5082.778, 5082.777
171.8, 5092.802, 5092.795
172.0, 5093.932, 5093.929
172.2, 5080.769, 5080.77
172.4, 5068.035, 5068.034
172.6, 5069.579, 5069.577
172.8, 5075.655, 5075.65
173.0, 5070.316, 5070.31
173.2, 5062.734, 5062.734
173.4, 5071.895, 5071.894
173.6, 5090.138, 5090.13
173.8, 5098.71, 5098.703
174.0, 5095.606, 5095.603
174.2, 5087.766, 5087.764
174.4, 5080.712, 5080.708
174.6, 5076.113, 5076.107
174.8, 5072.109, 5072.103
175.0, 5071.247, 5071.246
175.2, 5076.536, 5076.533
175.4, 5084.679, 5084.67
175.6, 5090.864, 5090.857
175.8, 5089.077, 5089.074
176.0, 5083.534, 5083.528
176.2, 5086.25, 5086.24
176.4, 5092.903, 5092.895
176.6, 5088.418, 5088.414
176.8, 5077.819, 5077.818
177.0, 5081.942, 5081.937
177.2, 5096.955, 5096.943
177.4, 5095.99, 5095.983
177.6, 5078.799, 5078.799
177.8, 5076.603, 5076.598
178.0, 5094.884, 5094.874
178.2, 5103.419, 5103.411
178.4, 5094.697, 5094.692
178.6, 5092.256, 5092.254
178.8, 5103.189, 5103.185
179.0, 5109.415, 5109.406
179.2, 5095.894, 5095.888
179.4, 5074.38, 5074.379
179.6, 5075.373, 5075.369
179.8, 5099.442, 5099.434
180.0, 5108.35, 5108.344
180.2, 5092.804, 5092.799
180.4, 5091.49, 5091.485
180.6, 5116.315, 5116.311
180.8, 5127.229, 5127.223
181.0, 5104.238, 5104.233
181.2, 5082.703, 5082.703
181.4, 5093.554, 5093.553
181.6, 5115.392, 5115.387
181.8, 5112.239, 5112.236
182.0, 5094.316, 5094.317
182.2, 5096.095, 5096.093
182.4, 5111.768, 5111.764
182.6, 5110.101, 5110.097
182.8, 5094.911, 5094.908
183.0, 5096.902, 5096.903
183.2, 5119.567, 5119.568
183.4, 5131.446, 5131.441
183.6, 5116.234, 5116.234
183.8, 5101.891, 5101.898
184.0, 5112.487, 5112.489
184.2, 5122.874, 5122.87
184.4, 5105.57, 5105.569
184.6, 5086.071, 5086.075
184.8, 5098.739, 5098.744
185.0, 5127.663, 5127.663
185.2, 5134.53, 5134.524
185.4, 5118.163, 5118.164
185.6, 5107.68, 5107.688
185.8, 5115.223, 5115.226
186.0, 5123.166, 5123.166
186.2, 5116.631, 5116.634
186.4, 5105.52, 5105.525
186.6, 5104.762, 5104.765
186.8, 5116.696, 5116.698
187.0, 5127.399, 5127.401
187.2, 5120.818, 5120.819
187.4, 5111.297, 5111.298
187.6, 5120.08, 5120.081
187.8, 5130.279, 5130.282
188.0, 5123.397, 5123.402
188.2, 5116.459, 5116.464
188.4, 5122.594, 5122.596
188.6, 5127.204, 5127.207
188.8, 5118.065, 5118.071
189.0, 5104.587, 5104.59
189.2, 5102.386, 5102.386
189.4, 5114.061, 5114.063
189.6, 5127.79, 5127.792
189.8, 5131.41, 5131.409
190.0, 5128.961, 5128.962
190.2, 5134.182, 5134.188
190.4, 5141.688, 5141.694
190.6, 5131.753, 5131.753
190.8, 5109.298, 5109.298
191.0, 5101.665, 5101.673
191.2, 5114.197, 5114.205
191.4, 5122.761, 5122.759
191.6, 5117.209, 5117.204
191.8, 5117.419, 5117.419
192.0, 5133.881, 5133.887
192.2, 5144.169, 5144.171
192.4, 5130.196, 5130.191
192.6, 5114.147, 5114.146
192.8, 5123.039, 5123.05
193.0, 5140.09, 5140.098
193.2, 5133.293, 5133.289
193.4, 5110.944, 5110.94
193.6, 5105.93, 5105.933
193.8, 5121.913, 5121.916
194.0, 5130.994, 5130.988
194.2, 5123.34, 5123.334
194.4, 5123.278, 5123.281
194.6, 5140.186, 5140.191
194.8, 5148.278, 5148.276
195.0, 5134.482, 5134.477
195.2, 5120.106, 5120.11
195.4, 5118.143, 5118.147
195.6, 5116.16, 5116.156
195.8, 5110.234, 5110.227
196.0, 5111.685, 5111.683
196.2, 5124.472, 5124.469
196.4, 5141.625, 5141.619
196.6, 5149.92, 5149.912
196.8, 5140.721, 5140.716
197.0, 5128.467, 5128.467
197.2, 5131.338, 5131.338
197.4, 5135.821, 5135.817
197.6, 5122.086, 5122.08
197.8, 5104.8, 5104.797
198.0, 5106.775, 5106.77
198.2, 5122.997, 5122.988
198.4, 5131.799, 5131.791
198.6, 5128.4, 5128.392
198.8, 5128.734, 5128.723
199.0, 5138.66, 5138.652
199.2, 5146.378, 5146.373
199.4, 5143.917, 5143.911
199.6, 5132.974, 5132.967
199.8, 5120.123, 5120.114
