t		SE_nodrifter		SE_drifter
0		246.3227043		246.3227043
0.01		296.6482385		416.1324747
0.02		482.9357077		270.3990163
0.03		662.7078021		190.6000773
0.04		800.8387701		111.3112688
0.05		897.927806		138.2500809
0.06		963.5734508		129.5085301
0.07		1006.944111		141.8219703
0.08		1035.280511		96.39483588
0.09		1053.654821		104.7313099
0.1		1065.497477		91.42958043
0.11		1073.146669		57.12211787
0.12		1078.079245		46.6807974
0.13		1081.256348		31.56963691
0.14		1083.29155		26.69216688
0.15		1084.585813		20.13622982
0.16		1085.39663		16.25196227
0.17		1085.897438		15.62530502
0.18		1086.190053		12.35285714
0.19		1086.351735		12.04189095
0.2		1086.423302		8.720878561
0.21		1086.437202		8.458966891
0.22		1086.410631		7.355453856
0.23		1086.347166		6.899703777
0.24		1086.265378		5.554060004
0.25		1086.177071		5.451619386
0.26		1086.089148		4.802731823
0.27		1086.004151		5.205571773
0.28		1085.836063		4.522908785
0.29		1085.7765		4.612145057
0.3		1085.765342		4.203475972
0.31		1085.739482		3.992686636
0.32		1085.801413		3.789776689
0.33		1085.905265		3.619449186
0.34		1086.028466		3.415289884
0.35		1086.172403		3.353077482
0.36		1086.324932		3.019937459
0.37		1086.481032		3.109931372
0.38		1086.630834		2.82016382
0.39		1086.771649		2.919636246
0.4		1086.90045		2.526370335
0.41		1087.005363		2.750952305
0.42		1087.1054		2.413319889
0.43		1087.038249		2.58585881
0.44		1087.059619		2.198232145
0.45		1087.117862		2.46315923
0.46		1087.181047		2.030515079
0.47		1087.264987		2.313092372
0.48		1087.363379		1.964077296
0.49		1087.462429		2.215374841
0.5		1087.579437		1.868601461
0.51		1087.711084		2.063770632
0.52		1087.88709		1.807563896
0.53		1088.094377		1.993447985
0.54		1088.353556		1.797975783
0.55		1088.661435		1.924636935
0.56		1089.028808		1.74864018
0.57		1089.436017		1.914511447
0.58		1089.871434		1.640455623
0.59		1090.337209		1.743468568
0.6		1090.78709		1.28025648
0.61		1091.290755		1.494643232
0.62		1091.828019		0.848455287
0.63		1092.399037		0.92188022
0.64		1092.995947		0.547690294
0.65		1093.500768		0.422630072
0.66		1094.104398		0.326509653
0.67		1094.748378		0.339813701
0.68		1095.432112		0.274850313
0.69		1096.108488		0.289503458
0.7		1096.790412		0.233417375
0.71		1097.451138		0.230609906
0.72		1098.072963		0.189368445
0.73		1098.667885		0.18779436
0.74		1099.241408		0.177699304
0.75		1099.76779		0.175914098
0.76		1100.241628		0.159072089
0.77		1100.653318		0.151418407
0.78		1101.002253		0.140278338
0.79		1101.287648		0.139285664
0.8		1101.482925		0.125943274
0.81		1101.412087		0.131437096
0.82		1101.390276		0.118329939
0.83		1101.340219		0.12235802
0.84		1101.283306		0.105026118
0.85		1101.191922		0.108348052
0.86		1101.101107		0.09561751
0.87		1101.014812		0.10152092
0.88		1100.921211		0.091829901
0.89		1100.836796		0.096052696
0.9		1100.718352		0.09160264
0.91		1100.630643		0.093078919
0.92		1100.576293		0.091757505
0.93		1100.549026		0.086046043
0.94		1100.57857		0.085491154
0.95		1100.680073		0.083562754
0.96		1100.839753		0.08232582
0.97		1101.063908		0.082196167
0.98		1101.351525		0.080268512
0.99		1101.705293		0.0805832
1		1102.10641		0.07844253
1.01		1102.575506		0.07984097
1.02		1103.106169		0.076749233
1.03		1103.714238		0.076423227
1.04		1104.367485		0.07757673
1.05		1105.139784		0.078469829
1.06		1105.973172		0.080175529
1.07		1106.848069		0.075127305
1.08		1107.76962		0.077056191
1.09		1108.732987		0.07318627
1.1		1109.404185		0.07356383
1.11		1110.265422		0.067855795
1.12		1111.232594		0.066252601
1.13		1112.224344		0.060593447
1.14		1113.157305		0.06188337
1.15		1114.0845		0.057089389
1.16		1114.971559		0.057493207
1.17		1115.781696		0.056368486
1.18		1116.489892		0.056044296
1.19		1117.095209		0.055860857
1.2		1117.582171		0.051850802
1.21		1117.9615		0.0524578
1.22		1118.223679		0.051229532
1.23		1118.407492		0.051677403
1.24		1118.498304		0.051239343
1.25		1118.496802		0.049942535
1.26		1118.428637		0.049709542
1.27		1118.286299		0.050912933
1.28		1118.113313		0.04818015
1.29		1118.042687		0.048960969
1.3		1117.876503		0.046860291
1.31		1117.753835		0.046011074
1.32		1117.729439		0.047174015
1.33		1117.858634		0.046563932
1.34		1118.146835		0.047416861
1.35		1118.440233		0.044686163
1.36		1118.789514		0.043611773
1.37		1119.228606		0.045142916
1.38		1119.88059		0.044145014
1.39		1119.981117		0.043103009
1.4		1120.835298		0.044030251
1.41		1122.207924		0.041266749
1.42		1123.908532		0.036996692
1.43		1125.903757		0.035200381
1.44		1128.142254		0.035425537
1.45		1130.587214		0.034889368
1.46		1133.278649		0.03490047
1.47		1135.359627		0.034731617
1.48		1138.162944		0.034075404
1.49		1141.175205		0.033862387
1.5		1144.347401		0.033799047
1.51		1147.635533		0.033964891
1.52		1150.988634		0.033646959
1.53		1154.353125		0.0338377
1.54		1157.716571		0.033743419
1.55		1160.942347		0.033713014
1.56		1163.93051		0.033810029
1.57		1166.221209		0.033864562
1.58		1168.203895		0.033528229
1.59		1169.918874		0.034018186
1.6		1171.211751		0.034061165
1.61		1172.207518		0.034141635
1.62		1172.720798		0.033980384
1.63		1172.878327		0.034148067
1.64		1172.643804		0.03403389
1.65		1171.988037		0.033959672
1.66		1170.83257		0.034175416
1.67		1169.601813		0.0330842
1.68		1168.144033		0.033388379
1.69		1166.653196		0.03249774
1.7		1164.408349		0.033534104
1.71		1162.34788		0.032354362
1.72		1160.347773		0.032838738
1.73		1158.366403		0.031361438
1.74		1156.476317		0.031353196
1.75		1154.716088		0.030711755
1.76		1153.002827		0.03185217
1.77		1151.517466		0.030848384
1.78		1150.331467		0.030788669
1.79		1149.452022		0.030919798
1.8		1148.910229		0.030010942
1.81		1148.805034		0.030681425
1.82		1149.105378		0.029261161
1.83		1149.793431		0.028583944
1.84		1150.863024		0.028577436
1.85		1151.689337		0.027801385
1.86		1153.496023		0.028396164
1.87		1155.780327		0.027479159
1.88		1158.321889		0.026386414
1.89		1161.244302		0.026753013
1.9		1164.495745		0.026588457
1.91		1167.956333		0.026437895
1.92		1171.442863		0.025642668
1.93		1174.873029		0.025721821
1.94		1178.466374		0.026078901
1.95		1182.327171		0.026361342
1.96		1186.317547		0.025999458
1.97		1190.118348		0.026069831
1.98		1193.566252		0.023981127
1.99		1196.700491		0.026335066
2		1198.817911		0.022658561
2.01		1200.639197		0.024929618
2.02		1201.715638		0.023175203
2.03		1201.442708		0.023387234
2.04		1202.207281		0.022631297
2.05		1202.494208		0.023436907
2.06		1202.10414		0.022431238
2.07		1201.202472		0.023132375
2.08		1199.488796		0.021999475
2.09		1197.552508		0.022425698
2.1		1194.843754		0.021784783
2.11		1192.356318		0.022307792
2.12		1190.048554		0.021430466
2.13		1187.950172		0.022226802
2.14		1186.063553		0.02139383
2.15		1184.76417		0.022093686
2.16		1183.636853		0.021877602
2.17		1182.8253		0.022174198
2.18		1182.397296		0.022192993
2.19		1182.486661		0.021423008
2.2		1183.02622		0.02246433
2.21		1184.042116		0.021553774
2.22		1185.55284		0.022091116
2.23		1187.674791		0.021531271
2.24		1190.4369		0.02198626
2.25		1193.702494		0.021749567
2.26		1197.284599		0.021864583
2.27		1200.835974		0.021512405
2.28		1204.982712		0.021777786
2.29		1209.250439		0.021212535
2.3		1213.50533		0.021806203
2.31		1217.954702		0.021626576
2.32		1222.703035		0.021566066
2.33		1227.497092		0.020935222
2.34		1232.947038		0.020956165
2.35		1238.70943		0.020727139
2.36		1244.084512		0.021012027
2.37		1250.060393		0.018281251
2.38		1256.016537		0.017965226
2.39		1262.014691		0.016841708
2.4		1268.326723		0.020842536
2.41		1274.161259		0.019621757
2.42		1279.178389		0.017636065
2.43		1283.578149		0.018130526
2.44		1287.183282		0.016458294
2.45		1289.956164		0.014961757
2.46		1292.120876		0.0155727
2.47		1293.464632		0.012000655
2.48		1293.99835		0.01292077
2.49		1293.707319		0.011193748
2.5		1292.779712		0.011258868
2.51		1291.305036		0.008784506
2.52		1289.298717		0.007026961
2.53		1286.926604		0.004192436
2.54		1284.269123		0.003540679
2.55		1281.360176		0.003439715
2.56		1278.298701		0.002340704
2.57		1275.179013		0.001705064
2.58		1272.136928		0.001298495
2.59		1269.236701		0.001268603
2.6		1266.578698		0.001133021
2.61		1264.29435		0.001128692
2.62		1262.415901		0.001000418
2.63		1260.842971		0.001017408
2.64		1259.414682		0.000970927
2.65		1258.482422		0.000960739
2.66		1257.545646		0.000905622
2.67		1256.464699		0.000916111
2.68		1255.222921		0.000901643
2.69		1253.900818		0.000862548
2.7		1252.92544		0.000834616
2.71		1252.052447		0.000666847
2.72		1251.450016		0.000656066
2.73		1251.069535		0.000544064
2.74		1250.577175		0.00052495
2.75		1250.607804		0.000475967
2.76		1250.91308		0.000404185
2.77		1251.300938		0.000348287
2.78		1251.665921		0.00032954
2.79		1251.886654		0.00032361
2.8		1252.791556		0.000336844
2.81		1253.44113		0.000322343
2.82		1253.784662		0.000313527
2.83		1253.590842		0.000309293
2.84		1253.081046		0.000300623
2.85		1252.473949		0.000300652
2.86		1251.710436		0.000307379
2.87		1250.2464		0.000295276
2.88		1248.944543		0.000298482
2.89		1247.778396		0.000232736
2.9		1246.748436		0.000207503
2.91		1245.77534		0.000201114
2.92		1244.99846		0.000172311
2.93		1244.320874		0.000158544
2.94		1244.102166		0.000148077
2.95		1244.227158		0.000148452
2.96		1244.54516		0.00012978
2.97		1244.95213		0.000137857
2.98		1245.489271		0.000129895
2.99		1245.981901		0.000132924
3		1246.607658		0.000125531
3.01		1247.023064		0.000128711
3.02		1247.706102		0.000126078
3.03		1248.468373		0.000122472
3.04		1249.084331		0.000121589
3.05		1249.707438		0.000119186
3.06		1250.442951		0.000118144
3.07		1250.885798		0.000113246
3.08		1251.275808		0.000113232
3.09		1251.797246		0.000113563
3.1		1252.676848		0.000111172
3.11		1254.216429		0.000110719
3.12		1256.492913		0.000111187
3.13		1258.032797		0.000109465
3.14		1260.932863		0.00010844
3.15		1264.757232		0.000107628
3.16		1269.226598		0.000106957
3.17		1273.725229		9.99585E-05
3.18		1277.995871		0.000102458
3.19		1281.929072		9.59311E-05
3.2		1285.426425		9.86744E-05
3.21		1288.612702		9.52357E-05
3.22		1291.447732		9.32632E-05
3.23		1294.123891		8.8095E-05
3.24		1296.797078		8.63506E-05
3.25		1299.149174		8.60521E-05
3.26		1301.161345		8.20402E-05
3.27		1302.895394		8.12049E-05
3.28		1304.250659		8.15932E-05
3.29		1305.218175		8.01873E-05
3.3		1305.535635		6.73496E-05
3.31		1305.310734		6.1204E-05
3.32		1304.883642		5.97425E-05
3.33		1304.111909		5.6144E-05
3.34		1303.154301		5.38978E-05
3.35		1302.618847		5.09564E-05
3.36		1301.22404		5.02343E-05
3.37		1299.875059		4.96148E-05
3.38		1298.762204		5.08093E-05
3.39		1298.445708		4.78846E-05
3.4		1299.077019		5.05225E-05
3.41		1300.196044		4.75557E-05
3.42		1301.101279		4.8327E-05
3.43		1302.006672		4.64856E-05
3.44		1303.913538		4.79578E-05
3.45		1306.894755		4.55779E-05
3.46		1309.431799		4.60804E-05
3.47		1311.851662		4.44456E-05
3.48		1314.616345		4.53771E-05
3.49		1318.098045		4.54263E-05
3.5		1323.350185		4.58719E-05
3.51		1327.993555		4.4259E-05
3.52		1333.907804		4.53508E-05
3.53		1340.574814		4.3148E-05
3.54		1347.999271		4.4115E-05
3.55		1355.464741		4.35108E-05
3.56		1363.384523		4.3989E-05
3.57		1370.743072		4.335E-05
3.58		1378.006526		4.31749E-05
3.59		1384.983586		4.25231E-05
3.6		1391.483648		4.27482E-05
3.61		1396.701087		4.14177E-05
3.62		1401.589712		4.24347E-05
3.63		1404.999418		4.17737E-05
3.64		1409.664409		4.2555E-05
3.65		1413.874181		4.25206E-05
3.66		1417.531079		4.26056E-05
3.67		1420.371572		4.13048E-05
3.68		1422.808441		4.25427E-05
3.69		1424.654161		4.13017E-05
3.7		1425.072938		4.23809E-05
3.71		1424.517017		4.09491E-05
3.72		1421.268674		4.16813E-05
3.73		1414.124375		4.13642E-05
3.74		1410.299354		4.1241E-05
3.75		1405.88004		4.14272E-05
3.76		1399.008576		4.1284E-05
3.77		1390.846077		3.96567E-05
3.78		1383.019518		3.93774E-05
3.79		1375.345259		4.05916E-05
3.8		1367.534937		3.94479E-05
3.81		1359.514186		4.01485E-05
3.82		1351.933167		3.86424E-05
3.83		1345.03707		4.02786E-05
3.84		1338.995331		4.03781E-05
3.85		1333.569034		3.84725E-05
3.86		1328.450542		4.12315E-05
3.87		1324.351587		3.96483E-05
3.88		1321.45473		3.97191E-05
3.89		1318.751109		4.02587E-05
3.9		1317.42965		3.93122E-05
3.91		1318.05249		4.01658E-05
3.92		1320.284903		3.93768E-05
3.93		1324.540207		3.78377E-05
3.94		1330.268829		3.71024E-05
3.95		1337.076218		3.75317E-05
3.96		1344.352037		3.84061E-05
3.97		1352.951743		3.73994E-05
3.98		1362.242939		3.78093E-05
3.99		1371.923755		3.73749E-05
4		1381.737009		3.76911E-05
4.01		1390.189539		3.63851E-05
4.02		1398.601265		3.73353E-05
4.03		1407.190616		3.61801E-05
4.04		1417.048822		3.68342E-05
4.05		1426.626048		3.62745E-05
4.06		1434.885595		3.56657E-05
4.07		1442.87565		3.55607E-05
4.08		1450.876562		3.54293E-05
4.09		1458.931		3.49623E-05
4.1		1466.175694		3.52074E-05
4.11		1473.56024		3.44951E-05
4.12		1481.239152		3.44037E-05
4.13		1488.665113		3.45172E-05
4.14		1495.867979		3.43337E-05
4.15		1502.537815		3.4391E-05
4.16		1507.849599		3.41685E-05
4.17		1510.102534		3.41139E-05
4.18		1512.48541		3.41558E-05
4.19		1513.962189		3.39275E-05
4.2		1514.971504		3.34046E-05
4.21		1514.572684		3.21144E-05
4.22		1516.600849		3.21786E-05
4.23		1519.44875		3.14644E-05
4.24		1520.473505		3.17019E-05
4.25		1522.422105		3.11065E-05
4.26		1524.149032		3.16685E-05
4.27		1524.938277		3.11603E-05
4.28		1523.967194		3.08018E-05
4.29		1518.036634		3.10145E-05
4.3		1515.320357		3.08089E-05
4.31		1514.391072		3.08013E-05
4.32		1514.602308		3.05199E-05
4.33		1515.403363		3.03207E-05
4.34		1515.259113		3.00864E-05
4.35		1514.290462		2.99036E-05
4.36		1514.73968		3.0055E-05
4.37		1517.414236		2.98087E-05
4.38		1519.718454		2.97468E-05
4.39		1523.069884		2.993E-05
4.4		1527.532229		2.97204E-05
4.41		1532.71885		2.78411E-05
4.42		1538.273089		2.8612E-05
4.43		1543.944823		2.77034E-05
4.44		1548.81102		2.79696E-05
4.45		1554.100463		2.7597E-05
4.46		1559.777596		2.80668E-05
4.47		1565.535982		2.80795E-05
4.48		1572.032582		2.83699E-05
4.49		1580.752872		2.85743E-05
4.5		1590.793003		2.72458E-05
4.51		1599.600253		2.71432E-05
4.52		1605.470674		2.75578E-05
4.53		1608.095715		2.75472E-05
4.54		1609.374629		2.75658E-05
4.55		1612.474888		2.76364E-05
4.56		1617.597278		2.74759E-05
4.57		1623.035525		2.72732E-05
4.58		1629.28167		2.77124E-05
4.59		1636.839187		2.7682E-05
4.6		1645.740638		2.73772E-05
4.61		1654.212983		2.70285E-05
4.62		1661.749384		2.73611E-05
4.63		1669.631944		2.6178E-05
4.64		1677.674884		2.69391E-05
4.65		1684.61186		2.61487E-05
4.66		1690.35732		2.58844E-05
4.67		1695.013162		2.50176E-05
4.68		1695.813386		2.54674E-05
4.69		1697.236044		2.45943E-05
4.7		1695.976275		2.52269E-05
4.71		1693.032146		2.39634E-05
4.72		1690.935845		2.43277E-05
4.73		1688.532286		2.30894E-05
4.74		1684.93275		2.41225E-05
4.75		1679.378747		2.31722E-05
4.76		1679.511963		2.36284E-05
4.77		1683.432287		2.2689E-05
4.78		1690.549011		2.30772E-05
4.79		1700.115021		2.35187E-05
4.8		1711.041483		2.14398E-05
4.81		1722.947872		2.13028E-05
4.82		1734.924404		2.09473E-05
4.83		1747.326735		2.11549E-05
4.84		1761.376601		2.07611E-05
4.85		1775.522196		2.05369E-05
4.86		1790.022099		2.01889E-05
4.87		1805.646941		2.00996E-05
4.88		1820.100383		1.98629E-05
4.89		1832.722739		1.97788E-05
4.9		1844.603377		1.95778E-05
4.91		1854.817188		2.00293E-05
4.92		1860.359613		1.87632E-05
4.93		1868.677933		1.98303E-05
4.94		1875.594435		1.93424E-05
4.95		1883.442758		1.97226E-05
4.96		1887.456953		1.92273E-05
4.97		1894.76787		1.92559E-05
4.98		1895.362826		1.85653E-05
4.99		1902.625334		1.87695E-05
5		1905.156344		1.83032E-05
5.01		1903.651717		1.86271E-05
5.02		1902.400452		1.88252E-05
5.03		1907.405833		1.92548E-05
5.04		1912.215802		1.92261E-05
5.05		1916.056684		1.93827E-05
5.06		1919.278723		1.80813E-05
5.07		1923.266518		1.80803E-05
5.08		1927.75231		1.88559E-05
5.09		1932.492445		1.86459E-05
5.1		1939.299686		1.89246E-05
5.11		1947.610833		1.89432E-05
5.12		1953.456726		1.87989E-05
5.13		1964.168689		1.90359E-05
5.14		1981.234361		1.82633E-05
5.15		2000.262428		1.84338E-05
5.16		2018.466142		1.81593E-05
5.17		2038.771811		1.84616E-05
5.18		2059.716949		1.8563E-05
5.19		2080.788657		1.84283E-05
5.2		2098.263854		1.85162E-05
5.21		2108.893095		1.84813E-05
5.22		2127.242394		1.90734E-05
5.23		2148.348942		1.77998E-05
5.24		2171.90502		1.80967E-05
5.25		2195.02039		1.75641E-05
5.26		2210.280171		1.77058E-05
5.27		2221.584577		1.7648E-05
5.28		2214.176245		1.77539E-05
5.29		2208.859529		1.70758E-05
5.3		2215.761391		1.70887E-05
5.31		2229.540238		1.6821E-05
5.32		2248.267259		1.65747E-05
5.33		2265.470496		1.60634E-05
5.34		2270.519937		1.56565E-05
5.35		2286.180081		1.5387E-05
5.36		2307.679849		1.49902E-05
5.37		2330.98736		1.47727E-05
5.38		2360.59755		1.4219E-05
5.39		2389.059511		1.39567E-05
5.4		2412.867155		1.35546E-05
5.41		2431.643864		1.28892E-05
5.42		2444.466204		1.29833E-05
5.43		2448.498523		1.24871E-05
5.44		2445.693377		1.13549E-05
5.45		2436.801661		1.10913E-05
5.46		2428.323221		1.09945E-05
5.47		2420.170626		1.0887E-05
5.48		2412.09281		1.08817E-05
5.49		2403.199578		1.07565E-05
5.5		2392.672679		1.07196E-05
5.51		2380.725696		1.06032E-05
5.52		2367.564401		1.05171E-05
5.53		2354.133549		1.04003E-05
5.54		2339.230685		1.04408E-05
5.55		2322.721257		1.03723E-05
5.56		2304.534236		1.02848E-05
5.57		2286.797468		1.02928E-05
5.58		2265.615197		1.01251E-05
5.59		2239.76056		1.00866E-05
5.6		2221.477264		1.00407E-05
5.61		2205.210665		1.00803E-05
5.62		2192.672082		9.95349E-06
5.63		2182.717321		9.96797E-06
5.64		2175.032061		9.81335E-06
5.65		2169.072469		9.88714E-06
5.66		2162.630229		9.85154E-06
5.67		2157.077773		9.79845E-06
5.68		2151.546468		9.77391E-06
5.69		2143.15274		9.78637E-06
5.7		2140.593871		9.7851E-06
5.71		2138.840328		9.82899E-06
5.72		2141.392134		9.88015E-06
5.73		2151.071431		9.89032E-06
5.74		2166.994442		9.94836E-06
5.75		2186.83398		9.98361E-06
5.76		2205.844904		9.98994E-06
5.77		2226.685568		1.08256E-05
5.78		2249.39831		1.01841E-05
5.79		2271.04378		1.05994E-05
5.8		2298.778094		1.05449E-05
5.81		2324.798952		1.01573E-05
5.82		2352.328735		1.03077E-05
5.83		2378.894832		9.9815E-06
5.84		2404.607326		1.04207E-05
5.85		2430.789277		1.04235E-05
5.86		2456.298881		1.04022E-05
5.87		2484.434745		1.04067E-05
5.88		2512.798879		1.01616E-05
5.89		2536.687355		1.01988E-05
5.9		2556.094281		1.00895E-05
5.91		2568.888891		1.02063E-05
5.92		2575.294519		1.01158E-05
5.93		2573.005411		1.02193E-05
5.94		2563.408459		1.01671E-05
5.95		2549.99253		1.01251E-05
5.96		2533.041439		1.01677E-05
5.97		2518.536244		1.00302E-05
5.98		2509.875313		1.02098E-05
5.99		2503.121744		1.01267E-05
6		2498.450041		1.00377E-05
6.01		2495.807433		1.01966E-05
6.02		2495.985959		1.00047E-05
6.03		2487.940016		1.01201E-05
6.04		2471.820015		1.01251E-05
6.05		2462.130741		9.96286E-06
6.06		2452.805306		9.96619E-06
6.07		2440.55781		9.75845E-06
6.08		2431.152039		9.98181E-06
6.09		2422.373997		9.75013E-06
6.1		2416.037263		9.89973E-06
6.11		2403.89976		9.87682E-06
6.12		2383.046478		9.81436E-06
6.13		2362.096591		9.79112E-06
6.14		2341.873701		9.85869E-06
6.15		2335.078407		9.78577E-06
6.16		2332.989247		9.81957E-06
6.17		2335.146149		9.75531E-06
6.18		2342.210803		9.75489E-06
6.19		2346.318428		9.77225E-06
6.2		2354.09222		9.78472E-06
6.21		2357.171215		1.00722E-05
6.22		2361.923188		1.0137E-05
6.23		2367.913715		1.01719E-05
6.24		2374.334132		1.01699E-05
6.25		2380.922989		1.01391E-05
6.26		2386.124263		1.03763E-05
6.27		2386.12315		1.01475E-05
6.28		2382.626075		1.00236E-05
6.29		2378.502229		9.624E-06
6.3		2374.738751		9.63572E-06
6.31		2371.272976		9.32503E-06
6.32		2353.591295		9.37987E-06
6.33		2346.614595		9.33597E-06
6.34		2341.361414		9.25555E-06
6.35		2335.344725		9.14063E-06
6.36		2338.821814		9.27955E-06
6.37		2343.836791		9.08912E-06
6.38		2345.921122		9.16329E-06
6.39		2345.387116		9.23767E-06
6.4		2347.497573		9.40224E-06
6.41		2343.482428		9.19974E-06
6.42		2336.515422		9.4813E-06
6.43		2327.391305		9.02926E-06
6.44		2316.945654		9.59355E-06
6.45		2304.67702		9.45103E-06
6.46		2289.700037		1.01774E-05
6.47		2274.761855		9.4477E-06
6.48		2259.609401		9.52328E-06
6.49		2243.195162		9.90613E-06
6.5		2228.133437		1.04923E-05
6.51		2213.454628		1.09046E-05
6.52		2198.386686		1.04017E-05
6.53		2181.216866		1.05402E-05
6.54		2161.163154		1.05843E-05
6.55		2140.364142		1.05645E-05
6.56		2123.183572		1.05127E-05
6.57		2110.649965		1.09264E-05
6.58		2101.825401		1.04299E-05
6.59		2097.565518		1.17823E-05
6.6		2096.068323		1.13827E-05
6.61		2096.645301		1.16542E-05
6.62		2097.738643		1.15564E-05
6.63		2104.655645		1.19989E-05
6.64		2120.415876		1.14131E-05
6.65		2138.531736		1.22144E-05
6.66		2158.814842		1.16582E-05
6.67		2179.691145		1.20208E-05
6.68		2198.934671		1.20351E-05
6.69		2218.791439		1.21623E-05
6.7		2239.71419		1.24686E-05
6.71		2261.326986		1.13676E-05
6.72		2274.379082		1.25071E-05
6.73		2294.995606		1.17653E-05
6.74		2308.293435		1.23604E-05
6.75		2327.199589		1.26489E-05
6.76		2343.433776		1.21297E-05
6.77		2355.94484		1.29121E-05
6.78		2364.458896		1.29009E-05
6.79		2366.171438		1.31932E-05
6.8		2359.059046		1.38668E-05
6.81		2346.167698		1.32654E-05
6.82		2327.898628		1.43587E-05
6.83		2310.685865		1.40464E-05
6.84		2290.993575		1.40685E-05
6.85		2269.595534		1.41293E-05
6.86		2247.138975		1.43699E-05
6.87		2223.170299		1.41368E-05
6.88		2198.882583		1.43024E-05
6.89		2173.035612		1.44181E-05
6.9		2148.8007		1.47014E-05
6.91		2124.088852		1.42109E-05
6.92		2100.258089		1.41152E-05
6.93		2077.640383		1.38377E-05
6.94		2055.563187		1.33484E-05
6.95		2035.415923		1.36896E-05
6.96		2018.505032		1.35034E-05
6.97		2000.932865		1.38773E-05
6.98		1983.134747		1.40029E-05
6.99		1964.975524		1.40504E-05
7		1946.44565		1.39364E-05
7.01		1930.761377		1.38272E-05
7.02		1917.788354		1.38639E-05
7.03		1908.111373		1.36996E-05
7.04		1903.081615		1.3719E-05
7.05		1898.391884		1.37096E-05
7.06		1887.469483		1.3679E-05
7.07		1875.103573		1.36158E-05
7.08		1867.663977		1.36302E-05
7.09		1860.352209		1.34998E-05
7.1		1857.523538		1.35317E-05
7.11		1859.872319		1.33786E-05
7.12		1862.704113		1.34505E-05
7.13		1867.575337		1.33576E-05
7.14		1875.269		1.33624E-05
7.15		1884.316555		1.3247E-05
7.16		1889.632413		1.31758E-05
7.17		1901.704442		1.32271E-05
7.18		1918.23804		1.291E-05
7.19		1938.069927		1.3029E-05
7.2		1958.74722		1.25689E-05
7.21		1972.186974		1.27518E-05
7.22		1994.28958		1.24105E-05
7.23		2016.403511		1.26962E-05
7.24		2038.147397		1.19494E-05
7.25		2056.71796		1.24746E-05
7.26		2074.382117		1.19032E-05
7.27		2089.716182		1.19826E-05
7.28		2104.094918		1.17846E-05
7.29		2117.434966		1.143E-05
7.3		2130.62885		1.15017E-05
7.31		2144.067142		1.1214E-05
7.32		2156.380294		1.11938E-05
7.33		2167.204385		1.10023E-05
7.34		2176.717713		1.05751E-05
7.35		2186.546782		1.0577E-05
7.36		2197.875041		1.03686E-05
7.37		2201.310299		1.03467E-05
7.38		2201.144027		1.03458E-05
7.39		2199.015275		1.01541E-05
7.4		2196.587607		1.04577E-05
7.41		2194.282237		1.01179E-05
7.42		2192.714715		1.04111E-05
7.43		2189.219187		9.99117E-06
7.44		2182.492227		1.0461E-05
7.45		2175.463313		9.95815E-06
7.46		2168.548593		1.02965E-05
7.47		2152.465566		1.01181E-05
7.48		2144.889092		1.06057E-05
7.49		2135.001502		1.0701E-05
7.5		2124.320342		8.91868E-06
7.51		2113.533639		9.16048E-06
7.52		2102.745925		8.5224E-06
7.53		2094.944492		9.25372E-06
7.54		2090.757817		8.61459E-06
7.55		2091.762099		9.31899E-06
7.56		2095.314636		8.71956E-06
7.57		2099.890149		9.26094E-06
7.58		2106.773683		8.70451E-06
7.59		2113.430332		9.40154E-06
7.6		2123.529964		9.40122E-06
7.61		2134.237541		8.55708E-06
7.62		2133.412954		9.00738E-06
7.63		2142.924281		8.61551E-06
7.64		2150.66347		8.77327E-06
7.65		2161.083482		8.10714E-06
7.66		2174.005539		8.23283E-06
7.67		2181.248539		7.86934E-06
7.68		2193.427407		7.87177E-06
7.69		2208.94398		7.52372E-06
7.7		2225.803498		7.61715E-06
7.71		2244.740666		7.56582E-06
7.72		2259.02594		7.46225E-06
7.73		2273.525664		7.27454E-06
7.74		2289.066389		7.2579E-06
7.75		2306.377578		7.39476E-06
7.76		2325.186009		7.73175E-06
7.77		2345.057411		7.58203E-06
7.78		2365.805957		7.39678E-06
7.79		2382.74611		7.38292E-06
7.8		2400.222202		7.1346E-06
7.81		2420.138748		7.56495E-06
7.82		2442.836211		7.03338E-06
7.83		2466.751997		7.28926E-06
7.84		2489.354217		7.0786E-06
7.85		2510.201514		7.41715E-06
7.86		2527.852151		7.59355E-06
7.87		2542.30478		7.56909E-06
7.88		2553.829934		7.52091E-06
7.89		2563.040807		6.91158E-06
7.9		2575.075217		7.05964E-06
7.91		2584.875474		6.66676E-06
7.92		2592.248461		6.50852E-06
7.93		2598.397772		6.46642E-06
7.94		2604.228833		6.43634E-06
7.95		2607.423377		6.3259E-06
7.96		2608.071099		6.79857E-06
7.97		2614.40751		6.91548E-06
7.98		2624.424296		6.99641E-06
7.99		2622.100756		6.7508E-06
8		2626.819545		6.77115E-06
8.01		2626.34691		7.16832E-06
8.02		2631.14033		6.7639E-06
8.03		2636.22564		6.74414E-06
8.04		2638.591085		6.32128E-06
8.05		2642.806235		6.52435E-06
8.06		2648.573635		6.67013E-06
8.07		2656.057235		6.55205E-06
8.08		2664.565842		6.80853E-06
8.09		2670.947669		6.6346E-06
8.1		2676.609782		6.88614E-06
8.11		2683.152359		6.9033E-06
8.12		2691.13198		6.89879E-06
8.13		2699.8		6.81511E-06
8.14		2708.929847		7.00301E-06
8.15		2718.153444		7.00015E-06
8.16		2729.027559		7.43146E-06
8.17		2736.345516		7.28274E-06
8.18		2744.746474		7.77444E-06
8.19		2753.117945		7.60702E-06
8.2		2761.046844		7.74603E-06
8.21		2768.325269		7.57683E-06
8.22		2775.214745		7.64582E-06
8.23		2781.617251		7.62614E-06
8.24		2787.577366		7.99374E-06
8.25		2794.098495		7.91858E-06
8.26		2801.023094		7.97583E-06
8.27		2808.21496		7.90626E-06
8.28		2816.481381		7.81491E-06
8.29		2826.070614		7.89229E-06
8.3		2837.370875		7.91199E-06
8.31		2845.655965		7.33857E-06
8.32		2858.335701		7.33411E-06
8.33		2875.200994		7.1243E-06
8.34		2895.195833		7.56198E-06
8.35		2916.534428		7.24178E-06
8.36		2934.529722		7.53714E-06
8.37		2951.264972		7.08505E-06
8.38		2964.114742		6.68788E-06
8.39		2972.133625		6.62453E-06
8.4		2979.848647		6.84064E-06
8.41		2990.74088		6.19244E-06
8.42		3004.432128		6.30889E-06
8.43		3016.679116		6.5918E-06
8.44		3027.599658		6.37938E-06
8.45		3040.197243		7.09317E-06
8.46		3054.935929		6.44293E-06
8.47		3071.469572		7.05069E-06
8.48		3089.27045		6.69511E-06
8.49		3108.976079		7.0065E-06
8.5		3130.681997		6.81129E-06
8.51		3154.261824		6.86967E-06
8.52		3179.88943		6.95171E-06
8.53		3207.363582		6.90528E-06
8.54		3239.248165		6.90172E-06
8.55		3272.872543		6.75699E-06
8.56		3305.206345		6.9297E-06
8.57		3335.26584		6.89724E-06
8.58		3363.599416		6.9078E-06
8.59		3390.800258		6.99769E-06
8.6		3412.740024		6.84698E-06
8.61		3436.911631		7.27633E-06
8.62		3456.868499		6.83166E-06
8.63		3478.588243		6.8754E-06
8.64		3500.448049		6.86635E-06
8.65		3521.060859		6.4132E-06
8.66		3542.56193		6.92167E-06
8.67		3562.391293		6.73483E-06
8.68		3580.464418		6.35204E-06
8.69		3597.404185		6.19784E-06
8.7		3614.085685		6.50501E-06
8.71		3630.615213		6.04791E-06
8.72		3646.828144		6.41957E-06
8.73		3662.690171		5.91275E-06
8.74		3678.319225		6.35895E-06
8.75		3694.868925		5.82867E-06
8.76		3710.381865		6.27964E-06
8.77		3728.483062		5.65958E-06
8.78		3747.291609		6.05005E-06
8.79		3767.78442		5.8991E-06
8.8		3789.687365		6.19987E-06
8.81		3812.642691		5.73798E-06
8.82		3836.615132		5.92692E-06
8.83		3861.290481		6.13294E-06
8.84		3885.929337		5.86232E-06
8.85		3912.644419		6.0356E-06
8.86		3941.804101		5.89988E-06
8.87		3974.402638		6.16092E-06
8.88		4010.289892		5.69999E-06
8.89		4048.277569		6.06338E-06
8.9		4089.017076		5.76064E-06
8.91		4130.246006		6.00409E-06
8.92		4191.316334		5.84118E-06
8.93		4227.477406		5.92252E-06
8.94		4277.140763		5.84488E-06
8.95		4328.539997		6.01697E-06
8.96		4377.2319		5.70712E-06
8.97		4421.329034		5.8592E-06
8.98		4468.790639		5.87661E-06
8.99		4516.20016		5.56005E-06
9		4560.122194		5.64201E-06
9.01		4593.388686		5.37643E-06
9.02		4633.005619		5.58636E-06
9.03		4675.365117		5.16994E-06
9.04		4713.061091		5.09362E-06
9.05		4744.828021		4.88371E-06
9.06		4775.80331		4.88059E-06
9.07		4806.413739		4.73244E-06
9.08		4833.400046		4.75769E-06
9.09		4861.101062		4.54462E-06
9.1		4888.774314		4.63932E-06
9.11		4916.224317		4.41597E-06
9.12		4943.302726		4.38856E-06
9.13		4969.738917		4.55234E-06
9.14		4996.061989		4.45545E-06
9.15		5021.751031		4.1249E-06
9.16		5043.952883		4.37418E-06
9.17		5064.803697		4.34216E-06
9.18		5084.236023		4.48221E-06
9.19		5102.306236		4.43302E-06
9.2		5120.105029		4.45352E-06
9.21		5138.228823		4.55604E-06
9.22		5157.936507		4.52079E-06
9.23		5178.524723		4.64477E-06
9.24		5200.701039		4.73019E-06
9.25		5224.326275		4.83818E-06
9.26		5248.904679		4.90203E-06
9.27		5274.184446		4.91301E-06
9.28		5299.940298		5.02643E-06
9.29		5329.318615		5.07059E-06
9.3		5358.115808		5.18155E-06
9.31		5385.59136		5.26996E-06
9.32		5410.769558		5.42921E-06
9.33		5432.788917		5.21016E-06
9.34		5452.140786		5.58463E-06
9.35		5471.286697		5.45621E-06
9.36		5492.185617		5.4423E-06
9.37		5516.811		5.4863E-06
9.38		5547.472903		5.37521E-06
9.39		5584.045253		5.72871E-06
9.4		5623.364666		6.03329E-06
9.41		5667.688155		5.60408E-06
9.42		5718.503338		5.77588E-06
9.43		5772.825716		5.92371E-06
9.44		5830.313599		6.07707E-06
9.45		5889.896571		6.06757E-06
9.46		5950.128573		6.2289E-06
9.47		6010.959324		6.32656E-06
9.48		6069.460975		6.21072E-06
9.49		6122.629438		6.48697E-06
9.5		6171.615182		6.7233E-06
9.51		6218.043347		6.93785E-06
9.52		6262.606945		6.74358E-06
9.53		6305.718703		7.15143E-06
9.54		6347.667773		6.58237E-06
9.55		6389.324756		6.63455E-06
9.56		6428.741679		6.81661E-06
9.57		6465.349863		6.73074E-06
9.58		6502.260047		6.86403E-06
9.59		6541.99319		7.04393E-06
9.6		6580.720021		6.9885E-06
9.61		6619.283301		7.16532E-06
9.62		6658.137723		6.93317E-06
9.63		6697.933716		7.00647E-06
9.64		6739.05462		6.8784E-06
9.65		6780.9612		7.02621E-06
9.66		6823.348006		7.12823E-06
9.67		6862.957471		7.25518E-06
9.68		6904.869446		6.62094E-06
9.69		6949.319677		6.93415E-06
9.7		6998.773222		6.7585E-06
9.71		7048.126128		6.8429E-06
9.72		7098.36992		6.89788E-06
9.73		7151.209938		6.81061E-06
9.74		7205.823514		6.57104E-06
9.75		7262.869336		6.61424E-06
9.76		7320.635786		6.66344E-06
9.77		7377.705452		6.66191E-06
9.78		7437.22828		6.72059E-06
9.79		7497.405561		6.83117E-06
9.8		7557.780025		6.79503E-06
9.81		7618.058611		7.0109E-06
9.82		7679.158369		6.98887E-06
9.83		7740.805429		7.1451E-06
9.84		7803.322307		7.17396E-06
9.85		7867.902095		7.11962E-06
9.86		7934.781646		7.23443E-06
9.87		8004.440752		7.02421E-06
9.88		8070.026124		7.21048E-06
9.89		8137.275004		7.08262E-06
9.9		8202.981293		7.07845E-06
9.91		8273.723818		7.07935E-06
9.92		8340.936032		7.16417E-06
9.93		8406.582152		7.02409E-06
9.94		8468.707553		7.1167E-06
9.95		8527.177539		7.01927E-06
9.96		8579.844328		6.98334E-06
9.97		8631.881221		7.12235E-06
9.98		8679.512004		6.91789E-06
9.99		8707.543919		6.91888E-06